Wyoming Board of Psychology,,,,,,,,,
Date of Last Update: ,,,,,7/13/2026,,,,
This site is a primary source for verification of license credentials.,,,,,,,,,
Last Name,First Name,MI,License/Certification,Profession,License no.,Date Issued,Expiry Date,Status,Discipline
Abernathy-Smith,Jennifer,,License,Psychologist,890,7/1/2026,6/30/2027,Active License,No
Ackerman,Annie,,License,Psychologist,867,2/12/2025,6/30/2027,Active License,No
Addrisi,Francis,T.,License,Psychologist,146,6/17/1982,6/30/2020,Expired License,No
Affsprung,Eric,,License,Psychologist,339,12/6/1999,12/6/2001,Expired License,No
Afriecq,Sarah,H.,License,Psychologist,591,4/4/2016,6/30/2023,Expired License,No
Aihara,Erin,L.,License,Behavior Analyst,BA-073,10/15/2024,6/30/2027,Active License,No
Aikens,Jessica,D.,License,Behavior Analyst,BA-013,3/30/2023,6/30/2027,Active License,No
Aims,Jean,W.,License,Psychologist,168,12/9/1983,6/30/2018,Expired License,No
Akagi,Kouri K.M.,,License,Psychologist,770,8/24/2021,6/30/2027,Active License,No
Amen,Theodore,M.,License,Psychologist,402,3/23/2004,6/30/2027,Active License,No
Andersen,Brent,L.,License,Psychologist,92,4/15/1977,6/30/2020,Expired License,No
Anderson,Debra,L.,Temporary license,Psychologist,T-116,1/26/2021,3/13/2023,Expired License,No
Anderson,Kathryn,D.,License,Psychologist,392,3/21/2003,6/30/2014,Expired License,No
Andre,John,C.,Temporary License,Psychologist,T-090,5/13/2020,3/13/2023,Expired License,No
Anstead,Chelsea,T.,License,Behavior Analyst,BA-050,3/6/2024,6/30/2025,Expired License,No
Anthony,Katherine,A.,License,Behavior Analyst,BA-098,3/3/2026,6/30/2027,Active License,No
Aranda-Cano,Jesus,,License,Psychologist,T-102,9/17/2020,9/16/2021,Expired License,No
Aranda-Cano,Jesus,,License,Psychologist,762,7/6/2021,6/30/2027,Active License,No
Archuleta,Jaime,L.,License,Psychologist,510,1/5/2012,6/30/2019,Expired License,No
Archuleta,Jaime,L.,License,Psychologist,746,3/26/2021,6/30/2023,Expired License,No
Arnold-Przegienda,Karolina,K.,License,Psychologist,693,6/7/2019,6/30/2027,Active License,No
Aronoff,Zoe,A.,License,Behavior Analyst,BA-045,12/18/2023,6/30/2025,Expired License,No
Ash,Shannon,L.,Status,Psychological Resident,,,,Expired License,No
Ashear,Janet,L.,Certified,Psychological Practitioner,CPP04,6/20/2000,6/30/2014,Expired License,No
Ashear,Victor,,License,Psychologist,111,9/19/1978,6/30/2023,Expired License,No
Ashley,Adrienne,G.,License,Behavior Analyst,BA-003,3/9/2023,6/30/2027,Active License,No
Askins,Eric,R.,Certified,Psychological Practitioner,CPP-10,4/29/2010,6/30/2027,Active License,No
Atiles Tejeda,Ingrid,N.,License,Psychologist,676,9/27/2018,6/30/2027,Active License,No
Atyas,Victor,,License,Psychologist,155,,,Expired License,No
Austin,Donald,,License,Psychologist,138,9/25/1981,9/25/2001,Expired License,No
Austin,Sharon,P.,Temporary License,Psychologist,T-082,4/22/2020,3/13/2023,Expired License,No
Awosika,Christopher,O.,License,Psychologist,626,4/3/2017,6/30/2027,Active License,No
Azrak,Robert,C.,License,Psychologist,804,9/28/2022,6/30/2025,Expired License,No
Badwan,Ous,H.,Temporary License,Psychologist,T-019,12/22/2014,12/21/2015,Expired License,No
Bahige,Sarah,M.,License,Behavior Analyst,BA-064,8/24/2024,6/30/2027,Active License,No
Bailly,Rebecca,,License,Psychologist,256,12/14/1993,12/14/2008,Expired License,No
Bailly,Rebecca,,License,Psychologist,885,1/15/2026,6/30/2027,Active License,No
"Baird, III",John,E.,Status,Psychological Resident,,,,Expired License,No
Baker,Samantha,C.,License,Psychologist,893,7/1/2026,6/30/2027,Active License,No
Bakewell,Helene,,License,Psychologist,133,,,Expired License,No
Bancroft,Margaret,,License,Psychologist,317,9/10/1998,9/10/2007,Expired License,No
Banish,Gabrielle,E.,License,Behavior Analysis,BA-036,9/18/2023,6/30/2027,Active License,No
Banister,Kenneth,D.,License,Psychologist,107,5/25/1978,6/30/2018,Expired License,No
Barnhart,Daniel,J.,License,Psychologist,785,2/24/2022,6/30/2027,Active License,No
Barrett,Caitilin,M.,License,Psychologist,681,12/21/2018,6/30/2027,Active License,No
Barry,Robin,A.,License,Psychologist,707,12/19/2019,6/30/2022,Expired License,No
Barth,Jennifer,A.,License,Psychologist,658,4/30/2018,6/30/2027,Active License,No
Bartley,Jo Ann,,License,Psychologist,SP04,11/2/2001,11/1/2002,Expired License,No
Bartocci,Angelo,P.,License,Psychologist,625,4/3/2017,6/30/2027,Active License,No
Barton,Oliver,J.,Status,Psychological Resident,,,,Expired License,No
Bates Freed,Elizabeth,A.,Temporary license,Psychologist,T-165,10/31/2023,10/30/2024,Expired License,No
Bates Freed,Elizabeth,A.,Temporary license,Psychologist,T-141,7/16/2021,3/13/2023,Expired License,No
Baxter,Joslyn,S.,Temporary License,Psychologist,T-096,6/29/2020,3/13/2023,Expired License,No
Bayuk,Robert,J.,License,Psychologist,139,9/25/1981,6/30/2027,Active License,No
Bean,Anthony,M.,License,Psychologist,839,7/21/2023,6/30/2027,Active License,No
Beaufait,Dennis,M.,License,Psychologist,533,7/29/2013,6/30/2014,Expired License,No
Beaver,Craig,W.,Temporary License,Psychologist,T-023,5/30/2015,5/29/2016,Expired License,No
Beaver,Craig,W.,Temporary License,Psychologist,T-006,11/10/2011,11/9/2012,Expired License,No
Beaver,Craig,W.,Temporary License,Psychologist,T-011,5/30/2013,5/29/2014,Expired License,No
Beaver,Craig,W.,Temporary License,Psychologist,T-015,5/30/2014,5/29/2015,Expired License,No
Beck,Robert,,License,Psychologist,189,9/29/1986,12/31/1991,Expired License,No
Beebe,Amy,B.,Temporary License,Psychologist,T-028,1/12/2016,1/11/2017,Expired License,No
Beecham,William,M.,License,Psychologist,180,4/2/2024,6/30/2026,Expired License,No
Bell,Kenneth,E.,License,Psychologist,299,8/21/1997,6/30/2027,Active License,No
Bell,Norman,,License,Psychologist,176,2/18/1985,2/18/1998,Expired License,No
Bennett,Elizabeth,M.,Licensed,Psychologist,860,7/15/2024,6/30/2027,Active License,No
Bennett,Katherine,A.,License,Psychologist,T-135,5/28/2021,3/13/2023,Expired License,No
Bennett,Katherine,A.,License,Psychologist,871,4/7/2025,6/30/2027,Active License,No
Bensen,Stephen,,License,Psychologist,236,6/3/1992,6/3/1994,Expired License,No
Benson,Donald,H.,License,Psychologist,326,3/16/1999,6/30/2027,Active License,No
Benson,Kurt,P.,License,Psychologist,549,10/2/2014,6/30/2027,Active License,No
Bernthaler,Mikaela,J.,License,Psychologist,464,7/24/2008,6/30/2015,Expired License,No
Berry,Richard,L.,License,Psychologist,231,5/22/1992,6/30/2026,Expired License,No
Bertagnolli,Andrew,,License,Psychologist,723,5/19/2020,6/30/2027,Active License,No
Bigler,Erin,D.,Temporary License,Psychologist,T-097,7/21/2020,3/13/2023,Expired License,No
Bingham,Jennie,L.,License,Psychologist,809,10/24/2022,6/30/2024,Expired License,No
Biss,Wendy,J.,Status,Psychological Resident,,,,Expired License,No
Bitting,Amanda,R.,License,Psychologist,674,9/12/2018,6/30/2027,Active License,No
Bitting,Brian,S.,License,Psychologist,671,8/20/2018,6/30/2027,Active License,No
Bjornson,Michael,J.,License,Psychologist,465,8/4/2008,6/30/2027,Active License,Yes
Black,Deborah Duncan,,License,Psychologist,SP05,12/16/2008,6/30/2027,Active License,No
Black,Marie,A.,License,Psychologist,705,11/12/2019,6/30/2027,Active License,No
Blad,Stephen,L.,Temporary License,Psychologist,T-150,12/10/2021,3/13/2023,Expired License,No
Blad,Stephen,L.,Temporary License,Psychologist,T-170,12/4/2024,12/3/2025,Expired License,No
Blaney,Timothy,A.,License,Psychologist,328,6/30/1999,6/30/2027,Active License,No
Blaney,Tonya,M.,License,Behavior Analyst,BA-089,10/8/2025,6/30/2026,Expired License,No
Blatt,Joan,E.,License,Psychologist,333,7/29/1999,7/29/2011,Expired License,No
Blau,George,,License,Psychologist,173,6/1/1984,6/1/1997,Expired License,No
Bledsoe,Karley,J.,License,Behavior Analyst,BA-039,10/24/2023,6/30/2024,Expired License,No
Bleisner,Andrew,E.,Temporary license,Psychologist,T-128,5/14/2021,3/13/2023,Expired License,No
Blessing,William,,License,Psychologist,216,11/6/1990,11/6/1992,Expired License,No
Bliss,Charles,A.,License,Psychologist,292,2/6/1997,2/6/2010,Expired License,No
Blomdahl,Russell,,License,Psychologist,151,,,Expired License,No
Bloom,Alisha,R.,License,Psychologist,617,1/30/2017,6/30/2027,Active License,No
Blue Star,John,A.,License,Psychologist,593,4/18/2016,6/30/2026,Expired License,No
Bohon,Cara,M.,License,Psychologist,788,3/7/2022,6/30/2027,Active License,No
Bongo,Caroljean,,License,Psychologist,432,8/28/2006,6/30/2027,Active License,No
Boostrom,Grant,G.,License,Psychologist,801,9/15/2022,6/30/2027,Active License,No
Borne,Meghan,E.,License,Psychologist,624,3/31/2017,6/30/2019,Expired License,No
Bott,Ashleigh,C.,License,Psychologist,519,5/8/2012,6/30/2015,Expired License,No
Bougsty,Thomas,A.,License,Psychologist,134,5/20/1981,6/30/2027,Active License,No
Bowen,Anne,M.,License,Psychologist,294,5/6/1997,6/30/2015,Expired License,No
Bowen-Rodda,Abby,,License,Psychologist,218,12/10/1990,12/10/2008,Expired License,No
Bowling,John,,License,Psychologist,301,8/28/1997,8/28/1998,Expired License,No
Boyce,Mary,,License,Psychologist,64,,,Expired License,No
Boyd,Kim,L.,License,Psychologist,832,4/3/2023,6/30/2027,Active License,No
Boyle,Haley,K.,Temporary License,Psychologist,T-030,1/22/2016,1/21/2017,Expired License,No
Bradley,Carla,,License,Psychologist,324,2/23/1999,2/23/2003,Expired License,No
Bradley,Carla,,License,Psychologist,315P,9/1/1998,9/1/1999,Expired License,No
Bram,Anthony,D.,License,Psychologist,T-149,10/21/2021,3/13/2023,Expired License,No
Bram,Anthony,D.,License,Psychologist,T-104,10/7/2020,10/6/2021,Expired License,No
Bram,Anthony,D.,License,Psychologist,828,3/14/2023,6/30/2027,Active License,No
Branden-Muller,Leslie,,License,Psychologist,312,6/23/1998,6/23/2000,Expired License,No
Brass,Jamie,E.,License,Psychologist,477,7/27/2009,7/26/2013,Expired License,No
Bray-Rathburn,Amy,C.,Temporary license,Psychologist,T-113,12/30/2020,3/13/2023,Expired License,No
Breeden,Paige,R.,License,Behavior Analyst,BA-016,4/10/2023,6/30/2027,Active License,No
Briggs,David,S.,Certified,Specialist in School Psychology,CSSP07,7/13/2011,6/30/2018,Expired License,No
Bright,Jennifer,,License,Behavior Analyst,BA-038,10/19/2023,6/30/2024,Expired License,No
Brionez,Julio,,License,Psychologist,683,2/5/2019,6/30/2027,Active License,No
Brooks,Michael,P.,Temporary License,Psychologist,T-114,1/8/2021,3/13/2023,Expired License,No
Brown,Greg,A.,License,Psychologist,843,8/14/2023,6/30/2027,Active License,No
Brown,Jennifer,T.,License,Psychologist,702,8/27/2019,6/30/2020,Expired License,No
Brown,Scott,R.,Temporary License,Psychologist,T-143,8/13/2021,3/13/2023,Expired License,No
Browning,Leslee,N.,License,Psychologist,686,3/25/2019,6/30/2021,Expired License,No
Brownlow,Bette,,License,Psychologist,206,5/5/1989,5/5/1994,Expired License,No
Bruno,Elizabeth,F.,Temporary Licensure,Psychologist,T-159,1/23/2023,1/22/2024,Expired License,No
Buckwell,Cathy,L.,License,Psychologist,362,7/19/2001,6/30/2014,Expired License,No
Burdick,Todd,H.,License,Psychologist,275,9/1/1995,9/1/2002,Expired License,No
Burdick,Todd,H.,License,Psychologist,474,2/12/2009,6/30/2027,Active License,No
Burke,Jon,,License,Psychologist,445,6/11/2007,6/10/2008,Expired License,No
Burlas,Heather,A.,License,Psychologist,891,7/1/2026,6/30/2027,Active License,No
Burr,Robert,B.,License,Psychologist,436,9/22/2006,6/30/2015,Expired License,No
Burr,Robert,B.,License,Psychologist,845,10/3/2023,6/30/2027,Active License,No
Burris,Emily,S.,License,Psychologist,651,3/29/2018,6/30/2021,Expired License,No
Busse,Michael,J.,License,Psychologist,433,9/5/2006,6/30/2024,Expired License,No
Butcher,Marian,J.,License,Psychologist,144,1/15/1982,6/30/2020,Expired License,No
Bütz,Michael,R.,License,Psychologist,818,12/12/2022,6/30/2027,Active License,No
Bütz,Michael,R.,License,Psychologist,T-062,11/27/2018,11/26/2019,Expired License,No
Bütz,Michael,R.,License,Psychologist,273,6/30/1995,6/30/2000,Expired License,No
Bütz,Michael,R.,License,Psychologist,431,7/10/2006,7/9/2012,Expired License,No
Call,Christa,N.,License,Psychologist,802,9/26/2022,6/30/2027,Active License,No
Call,John,,License,Psychologist,86,,,Expired License,No
Callen,Mary Ann,S.,License,Psychologist,511,2/14/2012,6/30/2025,Expired License,No
Caloca,Laura,E.,Temporary License,Psychologist,T-056,5/18/2018,5/17/2019,Expired License,No
Camp,Claire,A.,License,Psychologist,554,11/17/2014,6/30/2021,Expired License,No
Campbell,Martha,,License,Psychologist,28,,,Expired License,No
Campbell,Robyn,J.,License,Psychologist,663,7/2/2018,6/30/2027,Active License,No
Canchola,Raul,G.,License,Psychologist,776,10/18/2021,6/30/2027,Active License,No
Capehart,Louise,M.,License,Psychologist,622,3/20/2017,6/30/2027,Active License,No
Capizzi-Gay,Claudia,R.,Temporary License,Psychologist,T-110,11/16/2020,3/13/2023,Expired License,No
Card,Kaitlyn,C.,License,Psychologist,743,3/1/2021,6/30/2027,Active License,No
Cardona,Natalia,H.,License,Psychologist,569,7/6/2015,6/30/2027,Active License,No
Cardwell,Jessica,L.,License,Psychologist,471,11/18/2008,11/17/2010,Expired License,No
Carlson,Larry,J.,License,Psychologist,152,12/8/1982,6/30/2014,Expired License,No
Carman,Roderick,,License,Psychologist,61,4/24/1972,4/24/1999,Expired License,No
Caro,Christina,M.,License,Psychologist,797,8/22/2022,6/30/2027,Active License,No
Carrico,Catherine,P.,License,Psychologist,546,9/9/2014,6/30/2027,Active License,No
Carrio,Crystal,L.,License,Psychologist,534,7/29/2013,6/30/2014,Expired License,No
Carroll,William,,License,Psychologist,81,5/1/1976,5/1/2008,Expired License,No
Cava,Alexander,L.,License,Psychologist,524,9/10/2012,6/30/2014,Expired License,No
Cessna,Laurie,E.,License,Psychologist,819,12/19/2022,6/30/2024,Expired License,No
Chace,Regina,,License,Psychologist,260,1/3/1994,1/3/1996,Expired License,No
Chandler,Gerald,,License,Psychologist,190,1/25/1987,1/25/1998,Expired License,No
Chason,Ashley,K.,License,Psychologist,854,3/4/2024,6/30/2027,Active License,No
Chatterton,Michael,D.,License,Psychologist,637,9/19/2017,6/30/2027,Active License,No
Chaudhry,Saleha,Z.,Temporary license,Psychologist,T-112,12/1/2020,3/13/2023,Expired License,No
Checketts,Karen,,License,Psychologist,698,7/11/2019,6/30/2026,Expired License,No
Checketts,Karen,,License,Psychologist,T-068,6/12/2019,6/11/2020,Expired License,No
Chelune,Gordon,J.,License,Psychologist,479,9/9/2009,6/30/2015,Expired License,No
Cheng,Yun-Ju,,License,Psychologist,720,4/7/2020,6/30/2027,Active License,No
Chenoweth,Edgar,,License,Psychologist,7,1/1/1966,,Expired License,No
Cherie,Carolyn,,Temporary License,Psychologist,T-049,10/11/2017,10/10/2018,Expired License,No
Chessen,Bruce,,License,Psychologist,737,12/28/2020,6/30/2025,Expired License,No
Chessen,Bruce,,License,Psychologist,T-001,5/19/2010,5/18/2011,Expired License,No
Chesser,Reba,F.,License,Behavior Analyst,BA-069,10/3/2024,6/30/2027,Active License,No
Chournos,George,,License,Psychologist,147,6/17/1982,6/17/1998,Expired License,No
Choy,Hughes,K.,License,Psychologist,716,2/18/2020,6/30/2027,Active License,No
Christiaens,Elizabeth,A.,License,Psychologist,864,10/29/2024,6/30/2027,Active License,No
Christiaens,Elizabeth,A.,License,Psychologist,697,7/1/2019,6/30/2022,Expired License,No
Clapp,Joshua,D.,License,Psychologist,644,11/30/2017,6/30/2027,Active License,No
Clark,Alicia,A.,License,Psychologist,438,10/1/2006,6/30/2027,Active License,No
Clark,Jeffrey,P.,License,Psychologist,409,9/22/2004,6/30/2027,Active License,No
Clausel,Jeffrey,L.,License,Psychologist,209,8/4/1989,6/30/2015,Expired License,No
Clauson,Joshua,G.,License,Psychologist,443,3/12/2007,3/11/2012,Expired License,No
"Cleaveland, Jr.",H. Folger,,License,Psychologist,350,6/23/2000,6/23/2002,Expired License,No
Clifford,Eldon,S.,License,Psychologist,488,5/13/2010,6/30/2026,Expired License,No
Cochran,Merton Lenoir,,License,Psychologist,235,6/3/1992,6/3/1997,Expired License,No
Cohen,Joel,L.,License,Psychologist,489,6/14/2010,6/30/2026,Expired License,No
Cohen,Larry,A.,Temporary Licensure,Psychologist,T-155,9/23/2022,9/22/2023,Expired License,No
Cole,Sadie,H.,License,Psychologist,631,7/10/2017,6/30/2027,Active License,No
Coleman,Jennifer,A.,License,Psychologist,612,10/20/2016,6/30/2027,Active License,No
Collins-Jones,Teresa,,License,Psychologist,325,2/23/1999,2/23/2003,Expired License,No
Condie,Gibson,B.,License,Psychologist,SP03,2/27/1997,12/12/2017,Expired License,Yes
Conner,George,,Certified,Psychological Practitioner,CPP01,4/8/1994,4/8/2003,Expired License,No
Connery,Amy,K.,License,Psychologist,817,11/23/2022,6/30/2027,Active License,No
Connor,Paul,D.,Temporary License,Psychologist,T-025,11/18/2015,11/17/2016,Expired License,No
Connor,Paul,D.,Temporary License,Psychologist,T-009,12/17/2012,12/16/2013,Expired License,No
Cook,Stephen,B.,License,Psychologist,279,3/4/1996,6/30/2027,Active License,No
Corbitt,Ray,,License,Psychologist,148,6/28/1982,6/28/1996,Expired License,No
Corcoran,James,,License,Psychologist,252,6/18/1993,6/18/2000,Expired License,No
Cordell,Elisabeth,R.,License,Psychologist,861,7/31/2024,6/30/2026,Active License,No
Corry,Dane,I.,License,Behavior Analyst,BA-080,7/2/2025,6/30/2027,Active License,No
Coschignano,Deanna,M.,License,Psychologist,892,7/1/2026,6/30/2027,Active License,No
Cossaboon,Daniel,S.,License,Psychologist,440,1/25/2007,6/30/2027,Active License,No
Courage,Cora,E.,License,Psychologist,379,5/9/2002,6/30/2026,Expired License,No
Court,Kelly,H.,License,Psychologist,747,4/2/2021,6/30/2027,Active License,No
Courtney,Robert,J.,License,Psychologist,765,7/19/2021,6/30/2023,Expired License,No
Cowardin-Bach,Anne,,License,Psychologist,249,6/3/1993,6/3/2008,Expired License,No
Cowger,Rachel,A.,License,Behavior Analyst,BA-062,8/20/2024,6/30/2027,Active License,No
Cozzens,David,S.,License,Psychologist,368,10/5/2001,6/30/2021,Expired License,No
Crawford,Tamarra,M.,License,Psychologist,587,3/7/2016,6/30/2027,Active License,No
Crittenden,Jared,B.,License,Psychologist,730,8/7/2020,6/30/2027,Active License,No
Culhane-Shelburne,Kathleen,A.,Temporary License,Psychologist,T-091,5/21/2020,3/13/2023,Expired License,No
Cullens,Cristina,L.,License,Psychologist,496,9/13/2010,9/12/2013,Expired License,No
Cunningham,AmyLynn,,License,Psychologist,811,10/26/2022,6/30/2023,Expired License,No
Cunningham,Mark,D.,Temporary License,Psychologist,T-060,9/7/2018,9/6/2019,Expired License,No
Curry,Inga,,License,Psychologist,846,10/10/2023,6/30/2027,Active License,No
Daley,Barbara,L.,License,Psychologist,545,9/2/2014,6/30/2027,Active License,No
Danforth,Johanna,K.,License,Behavior Analyst,BA-006,3/17/2023,6/30/2027,Active License,No
Dangelmaier,Ruth,E.,Status,Psychological Resident,,,,Expired License,No
Dattilo,Lauren,E.,Temporary License,Psychologist,T-136,6/10/2021,3/13/2023,Expired License,No
Davis,Brent,,License,Psychologist,60,,,Expired License,No
Davis,Jeffrey,,License,Behavior Analyst,BA-004,3/15/2023,6/30/2027,Active License,No
Day,Magin,A.,License,Psychologist,775,10/12/2021,6/30/2025,Expired License,No
Day,Susan,,Temporary License,Psychologist,349,6/22/2000,6/22/2004,Expired License,No
Day,Susan,,Temporary License,Psychologist,T-124,3/29/2021,3/13/2023,Expired License,No
Day,Susan,,Temporary License,Psychologist,343P,2/16/2000,2/16/2001,Expired License,No
de Raoulx,Jennifer,E.,License,Behavior Analyst,BA-034,8/28/2023,6/30/2026,Expired License,No
De Young,Alison,R.,License,Psychologist,619,3/1/2017,6/30/2027,Active License,No
De Young,Kyle,P.,License,Psychologist,620,3/6/2017,6/30/2027,Active License,No
Deacon,Brett,J.,License,Psychologist,411,10/28/2004,6/30/2013,Expired License,No
Dean,Melanie,,License,Psychologist,263,1/12/1994,1/12/2008,Expired License,No
DeBarre,Denise,M.,License,Psychologist,288,12/13/1996,6/30/2027,Active License,No
Dederer,Julie,A.,License,Psychologist,652,4/2/2018,6/30/2024,Expired License,No
Deming,Annie,M.,License,Psychologist,835,4/24/2023,6/30/2025,Expired License,No
Denison,Charles,,License,Psychologist,276,12/28/1995,6/30/2027,Active License,No
Denman,Deanna,C.,License,Psychologist,700,7/22/2019,6/30/2022,Expired License,No
Dervin,Kathleen,A.,Temporary License,Psychologist,T-106,10/29/2020,3/13/2023,Expired License,No
Devereaux,Timothy,R.,License,Psychologist,529,3/11/2013,6/30/2020,Expired License,No
Devito,Joseph,,License,Psychologist,122,,,Expired License,No
DeVries,Lindsey,N.,License,Psychologist,859,7/8/2024,6/30/2027,Active License,No
Dickey,Brad,N.,License,Behavior Analyst,CSSP-09,3/12/2012,6/30/2014,Expired License,No
Dickey,Brad,N.,License,Behavior Analyst,BA-040,10/24/2023,6/30/2026,Expired License,No
Dickter,Benjamin,H.,License,Psychologist,680,11/28/2018,6/30/2027,Active License,No
Dickter,Joshua,C.,License,Psychologist,847,10/25/2023,6/30/2026,Expired License,No
Dillinger,Ronna,J.,License,Psychologist,473,2/9/2009,2/8/2013,Expired License,No
"Dinan, III",William,,License,Psychologist,153,,,Expired License,No
Dinkins,Hildy,P.,Temporary License,Psychologist,T-175,3/16/2026,3/15/2027,Active License,No
Dinneen,Ray Fleming,,License,Psychologist,207,5/5/1989,6/30/2027,Active License,No
DiNoto,Anna,,License,Psychologist,803,9/27/2022,6/30/2027,Active License,No
Doenges,Timothy,J.,License,Psychologist,518,5/8/2012,5/7/2013,Expired License,No
Doidge,John,,License,Psychologist,45,5/6/1968,5/6/1998,Expired License,No
Dolby,James,R.,License,Psychologist,238,6/25/1992,6/25/2010,Expired License,No
Dolores,John,C.,License,Psychologist,499,12/6/2010,6/30/2015,Expired License,No
Donegan,Elizabeth,,License,Psychologist,732,9/1/2020,6/30/2027,Active License,No
Donegan,Elizabeth,,License,Psychologist,T-065,1/15/2019,1/14/2020,Expired License,No
Donegan,Elizabeth,,License,Psychologist,T-076,1/14/2020,1/13/2021,Expired License,No
Donnell,Susan,,License,Psychologist,255,12/3/1993,12/3/1999,Expired License,No
Doran,Gerard,,Temporary License,Psychologist,T-088,4/28/2020,3/13/2023,Expired License,No
Doucette,Joanne,,License,Psychologist,345,5/15/2000,5/15/2006,Expired License,No
Doucette,Joanne,,License,Psychologist,202,11/14/1988,11/14/1993,Expired License,No
Doucette,Joanne,,License,Psychologist,297,6/27/1997,6/27/1998,Expired License,No
Dounchis,Jennifer,Z.,License,Psychologist,825,2/15/2023,6/30/2027,Active License,No
Dounchis,Jennifer,Z.,License,Psychologist,T-151,12/10/2021,3/13/2023,Expired License,No
Dowell,Cassandra,M.,License,Psychologist,639,10/6/2017,6/30/2027,Active License,No
Drewianka,Sara,M.,License,Behavior Analyst,BA-083,8/22/2025,6/30/2027,Active License,No
Drozd,John,F.,License,Psychologist,742,3/1/2021,6/30/2027,Active License,No
Duff,Kevin,M.,Temporary License,Psychologist,T-002,5/2/2011,5/1/2012,Expired License,No
Easton,Nancy,L.,License,Psychologist,863,8/25/2024,6/30/2025,Expired License,No
Ebron,Ashley,N.,License,Behavior Analyst,BA-026,7/3/2023,6/30/2024,Expired License,No
Eby,Rachel,E.,License,Psychologist,679,11/6/2018,6/30/2023,Expired License,No
Echanove,Ainara,,License,Psychologist,721,4/30/2020,6/30/2021,Expired License,No
Econopouly,Jennifer,L.,Certified,Specialist in School Psychology,CSSP-12,9/18/2015,6/30/2018,Expired License,No
Edmonds,Gerald,,License,Psychologist,119,12/20/1978,12/20/1992,Expired License,No
Edwards,Christopher,A.,License,Psychologist,792,4/5/2022,6/30/2023,Expired License,No
Edwards,Christopher,A.,License,Psychologist,T-042,1/17/2017,1/16/2018,Expired License,No
Edwards,William,,License,Psychologist,65,5/29/1973,5/29/1994,Expired License,No
Edwards-Leeper,Laura,A.,License,Psychologist,T-166,12/11/2023,12/10/2024,Expired License,No
Ehrlick,Angela L.W.,,License,Psychologist,509,12/14/2011,6/30/2014,Expired License,No
Einhorn,Lindsey,H.,License,Psychologist,749,4/5/2021,6/30/2027,Active License,No
Einhorn,Marc,,License,Psychologist,227,2/12/1992,6/30/2014,Expired License,No
Eklund,Kathryn,E.,License,Psychologist,724,5/19/2020,6/30/2026,Expired License,No
Elder,Robert,,License,Psychologist,145,7/1/1981,7/1/1995,Expired License,No
Elick,Emilie,L.,License,Psychologist,837,5/9/2023,6/30/2027,Active License,No
Elkins,David,N.,License,Psychologist,123,11/6/1979,11/6/2010,Expired License,No
Ellis,Tasha,J.,License,Psychologist,889,7/1/2026,6/30/2027,Active License,No
England,Brooke,L.,License,Psychologist,466,8/23/2010,6/30/2016,Expired License,No
England,Brooke,L.,License,Psychologist,466P,8/11/2008,8/10/2010,Expired License,No
English,James,V.,License,Psychologist,219,12/10/1990,12/31/1991,Expired License,No
English,James,V.,License,Psychologist,495,8/30/2010,6/30/2026,Expired License,No
Enright,Michael,F.,License,Psychologist,121,6/6/1979,6/30/2026,Expired License,No
Epperson,Paula,S.,License,Psychologist,284,10/1/1996,6/30/2026,Expired License,No
Erickson,Carol,J.,License,Psychologist,303,11/21/1997,11/21/2009,Expired License,No
Ertz,Dewey,J.,Temporary License,Psychologist,T-033,7/12/2016,7/11/2017,Expired License,No
Ertz,Dewey,J.,Temporary License,Psychologist,T-017,6/16/2014,6/15/2015,Expired License,No
Etherton,Joseph,L.,Temporary license,Psychologist,T-156,10/7/2022,10/6/2023,Expired License,No
Etringer,Bruce,D.,Temporary License,Psychologist,T-044,4/10/2017,4/9/2018,Expired License,No
Evans,Katrina,K.,License,Psychologist,647,2/5/2018,6/30/2027,Active License,No
Evans III,Frank,B.,Temporary License,Psychologist,T-050,11/14/2017,11/13/2018,Expired License,No
Evashevski,Keith,,License,Psychologist,382,7/31/2002,6/30/2022,Expired License,No
Fairbanks,Kelly,L.,Status,Psychological Resident,,,,Expired License,No
Faris,Michele,A.,License,Psychologist,791,3/28/2022,6/30/2027,Active License,No
"Fatzinger, Jr.",Anthony,D.,License,Psychologist,664,7/2/2018,6/30/2027,Active License,No
Faulkner,Earl,H.,License,Psychologist,419,4/20/2005,6/30/2027,Active License,No
Faulkner,Kim Knox,,License,Psychologist,223,10/10/1991,6/30/2021,Expired License,No
Faulkner,Theresa,A.,License,Psychologist,268,9/2/1994,6/30/2027,Active License,No
Finkel,Heather,K.,License,Psychologist,572,8/25/2015,6/30/2026,Expired License,No
Finley,Melisa,S.,License,Psychologist,583,2/12/2016,6/30/2027,Active License,No
Finley,Shauna,L.,License,Psychologist,550,10/6/2014,6/30/2020,Expired License,No
Finzo,Stephen,N.,License,Psychologist,555,11/24/2014,6/30/2019,Expired License,No
Firestein,Beth,,License,Psychologist,281,7/15/1996,7/15/1997,Expired License,No
Fisher-Johnston,Susan,E.,License,Psychologist,486,4/1/2010,6/30/2027,Active License,No
Fitzgerald,Anne,C.,License,Psychologist,308,2/19/1998,6/30/2027,Active License,No
Fitzgerald,B. J.,,License,Psychologist,2,1/1/1966,1/1/1993,Expired License,No
Fitzgerald,Stephen,,License,Psychologist,192,,,Expired License,No
Flagg,Scott,A.,License,Psychologist,608,9/8/2016,6/30/2027,Active License,No
Fleming,Grant,R.,License,Psychologist,310,6/5/1998,6/30/2027,Active License,No
Fleming,Kevin,,License,Psychologist,353,9/8/2000,9/8/2001,Expired License,Yes
Fleming,Kevin,,License,Psychologist,406,7/9/2004,4/17/2009,Expired License,Yes
Fleming,Patricia,A.,License,Psychologist,66,12/31/1971,12/31/2010,Expired License,No
Flitner,Anna,M.,License,Psychologist,857,4/29/2024,6/30/2027,Active License,No
Fluellen,Sheri,J.,License,Psychologist,498,11/22/2010,6/30/2022,Expired License,No
Foster,Aimee,C.,License,Psychologist,638,9/26/2017,6/30/2027,Active License,No
Foster,Monica,L.,License,Psychologist,763,7/6/2021,6/30/2023,Expired License,No
Foster,Monica,L.,License,Psychologist,T-123,3/22/2021,3/21/2022,Expired License,No
Foulkes,W. David,,License,Psychologist,9,1/1/1966,,Expired License,No
Fox,Bryanna,L.,License,Behavior Analyst,BA-008,3/20/2023,6/30/2024,Expired License,No
Francisco,Jocelyn,A.,Temporary,Psychologist,T-153,8/4/2022,8/3/2023,Expired License,No
Franco-Mattei,Margarita,,License,Psychologist,244,3/5/1993,3/5/1996,Expired License,No
Franco-Mattei,Margarita,,License,Psychologist,246,4/23/1993,4/23/1996,Expired License,No
Franco-Mattei,Margarita,,License,Psychologist,247,4/23/1993,4/23/2000,Expired License,No
Franseen,Lisa,,License,Psychologist,313,7/7/1998,7/7/2000,Expired License,No
Freed,Adam,C.,License,Psychologist,685,3/22/2019,6/30/2027,Active License,No
Freeman,Jessica,E.,License,Behavior Analyst,BA-041,10/30/2023,6/30/2027,Active License,No
Friedman,Nicole,A.,License,Psychologist,800,9/8/2022,6/30/2023,Expired License,No
Friedt,Larry,,License,Psychologist,330,7/1/1999,7/1/2008,Expired License,No
Fuller,Adam,K.,License,Psychologist,,2/5/1998,6/30/2026,Expired License,No
Fuller,Pamela,R.,License,Psychologist,307,2/5/1998,6/30/2026,Expired License,No
Futterer,James,,License,Psychologist,226,2/12/1992,2/12/1998,Expired License,No
Fyfe,Bill,J.,Temporary License,Psychologist,T-026,12/1/2015,11/30/2016,Expired License,No
Gabaldon,J. Leroy,,License,Psychologist,220,3/10/1991,3/10/1998,Expired License,No
Gaines,April,B.,License,Psychologist,769,8/9/2021,6/30/2027,Active License,No
Galer,Allison,C.,Temporary License,Psychologist,T-067,5/8/2019,3/13/2023,Expired License,No
Galusha,Carla,S.,License,Psychologist,462,6/13/2008,6/12/2010,Expired License,No
Garaman,Sharene,,License,Psychologist,346,6/19/2000,6/19/2009,Expired License,No
Garaman,Sharene,,License,Psychologist,527,10/22/2012,6/30/2024,Expired License,No
Garber,Alexandra,S.,License,Psychologist,573,9/28/2015,6/30/2025,Expired License,No
Garcia Ramirez,Carlos,J.,License,Behavior Analyst,BA-063,8/20/2024,6/30/2025,Expired License,No
Gardner,Sherry,E.,License,Psychologist,487,4/22/2010,6/30/2020,Expired License,No
Garg,Seema,,License,Psychologist,748,4/5/2021,6/30/2027,Active License,No
Geil,Toi,M.,License,Psychologist,523,9/5/2012,6/30/2027,Active License,No
Geisel,Jennifer,A.,License,Behavior Analyst,BA-020,4/17/2023,6/30/2024,Expired License,No
Geisler,Edward (Jack),,License,Psychologist,33,11/1/1966,11/1/1992,Expired License,No
Gelpi,Orlando,M.,License,Psychologist,589,3/17/2016,6/30/2027,Active License,No
Gersing,Wendy,S.,License,Psychologist,318,11/2/1998,6/30/2027,Active License,No
Giannini,Kaitlyn,C.,License,Behavior Analyst,BA-090,11/5/2025,6/30/2027,Active License,No
Gibson,Carla,I.,License,Psychologist,447,8/13/2007,6/30/2024,Expired License,No
Gibson,Carla,I.,License,Psychologist,447,8/1/2025,6/30/2026,Expired License,No
Gibson,Mark,T.,License,Psychologist,437,9/22/2006,6/30/2027,Active License,No
Gifford,Valerie,M.,License,Psychologist,869,3/4/2025,6/30/2027,Active License,No
Gilliland,Jeffrey,,License,Psychologist,416,1/6/2005,1/5/2007,Expired License,No
Gilman-Owens,Janclaudette,,Status,Psychological Resident,,,,Expired License,No
Gladstien,Joel,,License,Psychologist,117,12/20/1978,12/20/2002,Expired License,No
Glynn,James A.R.,,License,Psychologist,799,8/30/2022,6/30/2027,Active License,No
Godley,Cheryl,A.,License,Psychologist,274,9/1/1995,6/30/2027,Active License,No
Godshall,Frank,J.,License,Psychologist,253,8/2/1993,6/30/2022,Expired License,No
Goeltz,William,,License,Psychologist,377,4/10/2002,4/9/2003,Expired License,No
Goldberg,Corrie,A.,License,Psychologist,629,5/23/2017,6/30/2021,Expired License,No
Goldberg,Daniel,M.,License,Psychologist,722,5/12/2020,6/30/2026,Expired License,No
Goldensohn,Julia,B.,License,Psychologist,208,5/31/1989,6/30/2026,Expired License,No
Goldfeder,Eric,,License,Psychologist,271,5/22/1995,5/22/2006,Expired License,No
Golding,Stephen,L.,License,Psychologist,459,5/19/2008,5/18/2012,Expired License,No
Goldman,Janis,V.,License,Psychologist,833,4/10/2023,6/30/2024,Expired License,No
Goldman,Stephen,,License,Psychologist,108,5/25/1978,6/30/2014,Expired License,No
Gonzalez,Rebecca,L.,License,Psychologist,813,11/1/2022,6/30/2027,Active License,No
Goodyear,Cassandra,L.,License,Psychologist,654,4/13/2018,6/30/2027,Active License,No
Gowensmith,William,N.,Temporary License,Psychologist,T-022,4/17/2015,4/16/2016,Expired License,No
Graham,Ryan,D.,License,Psychologist,563,3/13/2015,6/30/2018,Expired License,No
Graham,Shelly,E.,License,Psychologist,771,8/25/2021,6/30/2027,Active License,No
Grantham,Rachael,K.,License,Psychologist,677,10/9/2018,6/30/2023,Expired License,No
Grass,Kasey,N.,License,Psychologist,500,2/1/2011,1/31/2012,Expired License,No
Gray,Christine,,License,Psychologist,427,8/10/2005,6/30/2027,Active License,No
Gray,Matthew,J.,License,Psychologist,415,12/30/2004,6/30/2027,Active License,No
Greene Hall,Patricia,E.,License,Psychologist,784,2/15/2022,6/30/2025,Expired License,No
Greening,Kacey,D.,License,Psychologist,570,8/13/2015,6/30/2017,Expired License,No
Greenwell,Ashley,N.,Temporary License,Psychologist,T-045,4/10/2017,4/9/2018,Expired License,No
Grey,Perry,,License,Psychologist,452P,10/5/2007,8/5/2009,Expired License,No
Grey,Perry,,License,Psychologist,452,8/6/2009,8/5/2010,Expired License,No
Griffin,Jessica,L.,Temporary License,Psychologist,T-094,6/18/2020,3/13/2023,Expired License,No
Griffin,Shalonda,C.,License,Psychologist,840,8/2/2023,6/30/2027,Active License,No
Griffith,Michael,A.,License,Psychologist,755,7/1/2021,6/30/2023,Expired License,No
Griglak,Stefanie,R.,License,Psychologist,781,11/5/2021,6/30/2027,Active License,No
Griswold,Beth,D.,License,Psychologist,182,9/21/1985,9/21/2012,Expired License,No
Groen,Annette,D.,License,Behavior Analyst,BA-055,5/15/2024,6/30/2025,Expired License,No
Groskreutz,Mark,P.,License,Behavior Analyst,BA-046,1/17/2024,6/30/2027,Active License,No
Gross,Paula Serra,,Provisional License,Psychologist,468P,9/15/2008,9/14/2010,Expired License,No
Grossman,Lisa,R.,Temporary licensure,Psychologist,T-154,9/19/2022,9/18/2023,Expired License,No
Gudan,Eric,M.,Temporary license,Psychologist,T-134,5/27/2021,3/13/2023,Expired License,No
Guerra Sarty,Diane,,Temporary License,Psychologist,T-173,5/23/2025,5/22/2026,Expired License,No
Guggenheim,David,A.,License,Psychologist,886,5/19/2026,6/30/2027,Active License,No
Guise,Brian,J.,License,Psychologist,688,4/1/2019,6/30/2027,Active License,No
Gully,Kevin,,License,Psychologist,289,12/13/1996,12/13/2008,Expired License,No
Gustafson,Monty,,License,Psychologist,11,1/1/1966,,Expired License,No
Guthrie,Paul,,License,Psychologist,331,7/12/1999,7/12/2001,Expired License,No
"Guyer, II",Charles,G.,License,Psychologist,127,1/8/1980,1/8/2010,Expired License,No
Guzzo,Allison,M.,License,Behavior Analyst,BA-078,7/1/2025,6/30/2026,Expired License,No
Gwozdziewycz,Nicolas,E.,License,Psychologist,756,7/1/2021,6/30/2027,Active License,No
Haase,Lyssa,T.,License,Psychologist,844,8/18/2023,6/30/2025,Expired License,No
Hackman,Hollis,W.,License,Psychologist,181,6/23/1985,6/30/2025,Expired License,No
Hagans,Chad,,License,Psychologist,414,12/7/2004,12/6/2008,Expired License,No
Haight,Amanda R.P.,,License,Psychologist,581,1/29/2016,6/30/2027,Active License,No
Halama,Judith,,License,Psychologist,245,3/5/1993,3/5/1996,Expired License,No
Hald,Mark,E.,Temporary License,Psychologist,T-140,7/7/2021,3/13/2023,Expired License,No
Hald,Mark,E.,Temporary License,Psychologist,T-081,4/14/2020,4/13/2021,Expired License,No
Hall,Deon,M.,License,Psychologist,757,7/1/2021,6/30/2027,Active License,No
Hall,James,,License,Psychologist,113,10/19/1978,10/19/2003,Expired License,No
Hammers,Dustin,B.,License,Psychologist,502,7/29/2011,6/30/2021,Expired License,No
Hammond,Nekeshia,N.,License,Psychologist,717,3/6/2020,6/30/2023,Expired License,No
Hanlin,Tracey,H.,Certified,Psychological Practitioner,CPP11,12/5/2012,6/30/2015,Expired License,No
Hanlin,Tracey,H.,Certified,Psychological Practitioner,CPP05,6/26/2003,6/25/2011,Expired License,No
Hansen,Bethany,A.,License,Psychologist,T-053,2/16/2018,2/15/2019,Expired License,No
Hardesty,Megan,K.,License,Psychologist,675,9/20/2018,6/30/2027,Active License,No
Harper,Nathan,R.,License,Psychologist,636,8/21/2017,6/30/2018,Expired License,No
Harrar,William,,License,Psychologist,221,5/9/1991,5/9/1999,Expired License,No
Hart,Amy,M.,License,Behavior Analyst,BA-111,7/1/2026,6/30/2027,Active License,No
Hart,Roxy,A.,Certified,Specialist in School Psychology,CSSP-06,7/2/2010,6/30/2027,Active License,No
Hartley,Sigan,L.,Status,Psychological Resident,,,,Expired License,No
Hartman,Jacob,R.,License,Psychologist,790,3/22/2022,6/30/2026,Expired License,No
Hartman,Jessica,R.,License,Behavior Analyst,BA-009,3/20/2023,6/30/2026,Expired License,No
Hartung,Cynthia,M.,License,Psychologist,457,2/28/2008,6/30/2027,Active License,No
Harvancik,Mark,,License,Psychologist,203,11/28/1988,11/28/1995,Expired License,No
Harvey,Erica,K.,License,Behavior Analyst,BA-007,3/17/2023,6/30/2026,Expired License,No
Harvey,Michael,,License,Psychologist,359,4/12/2001,4/12/2010,Expired License,No
Haug,Rodney,J.,License,Psychologist,383,10/29/2002,6/30/2023,Expired License,No
Haviland,Elizabeth,B.,License,Psychologist,410,9/27/2004,9/26/2010,Expired License,No
Hay,Lisa,,License,Psychologist,224,12/21/1991,12/21/1997,Expired License,No
Hayes,Kimberly,N.,License,Psychologist,856,4/23/2024,6/30/2026,Expired License,No
Hazlett,Richard,L.,Licensed,Psychologist,586,3/4/2016,6/30/2016,Expired License,No
Hedrick,Glenna,J.,License,Psychologist,408,9/7/2004,6/30/2018,Expired License,No
Heeren,Lynn,,License,Psychologist,88,10/22/1976,6/30/2024,Expired License,No
Hein,Christina,L.,License,Psychologist,714,2/10/2020,6/30/2027,Active License,No
Heineke,William,F.,License,Psychologist,423,7/18/2005,6/30/2027,Active License,No
Heller,Charles,H.,Temporary license,Psychologist,T-160,3/21/2023,3/20/2024,Expired License,No
Heneka,Eric,D.,License,Psychologist,567,5/22/2015,6/30/2025,Expired License,No
Henninger,Amy,L.,License,Psychologist,687,3/25/2019,6/30/2027,Active License,No
Henscheid,Brandon,J.,License,Psychologist,814,11/18/2022,6/30/2027,Active License,No
Henscheid,Brandon,J.,License,Psychologist,CSSP-08,2/17/2012,6/30/2023,Expired License,No
Herndon,Natalie,C.,License,Psychologist,718,3/31/2020,6/30/2023,Expired License,No
Herron,Christopher,L.,License,Psychologist,251,6/16/1993,6/16/2010,Expired License,No
Herter,Jacques,P.,License,Psychologist,93,4/15/1977,6/30/2027,Active License,No
Hesser,Maribeth Lewis,,License,Psychologist,849,12/6/2023,6/30/2025,Expired License,No
Hesser,Maribeth Lewis,,License,Psychologist,387,12/19/2002,6/30/2020,Expired License,No
Heyman,Steven,,License,Psychologist,160,6/28/1983,12/1/1993,Expired License,No
Hickman,Elizabeth,,License,Psychologist,140,11/30/1981,11/30/2002,Expired License,No
Hild,Tiffany,,License,Psychologist,388,1/7/2003,1/6/2009,Expired License,No
Hildt,Brady,J.,License,Psychologist,632,7/17/2017,6/30/2027,Active License,No
Hill,Casey,M.,License,Behavior Analyst,BA-094,12/8/2025,6/30/2026,Expired License,No
Hill,Reginald,,License,Psychologist,823,2/3/2023,6/30/2027,Active License,No
Hill,Thomas,,License,Psychologist,167,12/9/1983,12/9/2004,Expired License,No
Hiltebrand,Matthew,J.,License,Psychologist,881,9/22/2025,6/30/2027,Active License,No
Hipp,Martha,,License,Psychologist,327,4/1/1999,4/1/2009,Expired License,No
Hirst,Wilma,,License,Psychologist,3,1/1/1966,1/1/1998,Expired License,No
Hitt,Abram,C.,License,Psychologist,99,12/6/1977,6/30/2014,Expired License,No
Hoar,Mariana,G.,License,Psychologist,605,7/1/2016,6/30/2019,Expired License,No
Hochheiser,Rose Margaret,,License,Psychologist,434,9/7/2006,6/30/2027,Active License,No
Hoffman,Mark,,License,Psychologist,141,11/30/1981,11/30/1993,Expired License,No
"Holdwick, Jr.",Daniel,,License,Psychologist,371,12/17/2001,12/16/2007,Expired License,No
Holland,Mark,E.,License,Psychologist,544,8/12/2014,6/30/2027,Active License,No
Hopkins,Rachel,L.,Temporary License,Psychologist,T-087,4/30/2020,3/13/2023,Expired License,No
Horsley,Staci,D.,License,Behavior Analyst,BA-015,4/6/2023,6/30/2027,Active License,No
Householder,Stephanie,R.,License,Behavior Analyst,BA-072,10/8/2024,6/30/2027,Active License,No
Houser,Jennifer,R.,Licensed,Behavior Analyst,BA-033,7/31/2023,6/30/2027,Active License,No
Howard,Charles,A.,License,Psychologist,476,7/20/2009,7/19/2011,Expired License,No
Howard,Charles,A.,License,Psychologist,695,6/20/2019,6/30/2027,Active License,No
Howland,Peggy,S.,Temporary License,Psychologist,T-024,9/28/2015,9/27/2016,Expired License,No
Howland,Peggy,S.,Temporary License,Psychologist,T-035,9/13/2016,9/12/2017,Expired License,No
Hsi,Marlene,P.,Temporary license,Psychologist,T-131,5/20/2021,3/13/2023,Expired License,No
Huddleston,Carolyn,,License,Psychologist,321,12/18/1998,12/18/2002,Expired License,No
Hudson,Diane,K.,License,Behavior Analyst,BA-010,3/21/2023,6/30/2027,Active License,No
Huff,Kenneth,,License,Psychologist,259,12/28/1993,12/28/1994,Expired License,No
Hughes,Laura,W.,Temporary License,Psychologist,T-074,1/13/2020,3/13/2023,Expired License,No
Hughes,Laura,W.,Temporary License,Psychologist,T-061,10/10/2018,10/9/2019,Expired License,No
Humberson,Mark,,License,Psychologist,384,10/29/2002,10/28/2004,Expired License,No
Humphries-Wadsworth,Terresa,M.,License,Psychologist,407,9/2/2004,6/30/2015,Expired License,No
Humphries-Wadsworth,Terresa,M.,License,Psychologist,407,10/30/2015,6/30/2027,Active License,No
Hunsaker,Ryan,P.,License,Psychologist,618,2/6/2017,6/30/2021,Expired License,No
Hussain,Krystin,K.,License,Behavior Analyst,BA-103,3/17/2026,6/30/2027,Active License,No
Hutchinson,Leslie,B.,,,Temp Lic,12/22/1989,3/20/1992,Expired License,No
Hutt,Matthew,M.,License,Psychologist,T-072,1/3/2020,3/13/2023,Expired License,No
Hutt,Matthew,M.,License,Psychologist,T-039,12/20/2016,12/19/2017,Expired License,No
Hutt,Matthew,M.,License,Psychologist,T-051,12/20/2017,12/19/2018,Expired License,No
Hutt,Matthew,M.,License,Psychologist,829,3/14/2023,6/30/2027,Active License,No
Hutt,Matthew,M.,License,Psychologist,T-031,2/2/2016,12/20/2016,Expired License,No
Hutt,Matthew,M.,License,Psychologist,T-063,1/3/2019,1/2/2020,Expired License,No
Hyberger,Stephanie,R.,License,Psychologist,525,9/17/2012,6/30/2027,Active License,No
Hyde,Jacob,N.,License,Psychologist,670,8/20/2018,6/30/2019,Expired License,No
Ibarra,Alberto,L.,License,Psychologist,838,7/17/2023,6/30/2027,Active License,No
Indermuehle,Amy,R.,License,Psychologist,T-066,2/26/2019,2/25/2020,Expired License,No
Indermuehle,Amy,R.,License,Psychologist,830,3/14/2023,6/30/2027,Active License,No
Indermuehle,Amy,R.,License,Psychologist,T-005,11/9/2011,11/8/2012,Expired License,No
Indermuehle,Amy,R.,License,Psychologist,T-083,4/23/2020,3/13/2023,Expired License,No
Ingram,Lindsay,A.,License,Psychologist,577,11/20/2015,6/30/2026,Expired License,No
Innes,Robert,,License,Psychologist,269,1/5/1995,1/5/2008,Expired License,No
Iveland,Jennifer,L.,License,Psychologist,560,2/26/2015,6/30/2027,Active License,No
Jackman,Kenneth,,License,Psychologist,55,,,Expired License,No
Jacobs,Robert,,License,Psychologist,240,12/1/1992,12/1/1994,Expired License,No
Jacobs,Taylor,M.,License,Behavior Analyst,BA-059,7/19/2024,6/30/2026,Expired License,No
Jakle,Katherine,R.,Temporary License,Psychologist,T-089,5/4/2020,3/13/2023,Expired License,No
Jeffres,Mary Jo,,License,Psychologist,421,6/2/2005,6/30/2026,Expired License,No
Jeffrey,Richard,,License,Psychologist,198,3/18/1988,3/18/1998,Expired License,No
Jenkins,Melissa,L.,License,Psychologist,503,8/17/2011,6/30/2027,Active License,No
Jennings,Floyd,,License,Psychologist,98,4/15/1977,4/15/1996,Expired License,No
Jennings,Paul,,License,Psychologist,154,3/3/1983,3/3/2007,Expired License,No
Jensen,Sandra,,License,Psychologist,530,3/22/2013,6/30/2025,Expired License,No
Jervis,Shellie,M.,License,Psychologist,564,3/31/2015,6/30/2027,Active License,No
Jett,Juliet,L.,License,Psychologist,261,1/3/1994,6/30/2027,Active License,No
Johnson,Elizabeth,A.,License,Psychologist,397,6/17/2003,6/30/2019,Expired License,No
Johnson,Junko,Y.,License,Behavior Analyst,BA-043,11/9/2023,6/30/2025,Expired License,No
Johnson,Rhiannon,R.,License,Behavior Analyst,BA-095,12/23/2025,6/30/2027,Active License,No
Jonas,Alana,M.,License,Behavior Analyst,BA-005,3/16/2023,6/30/2027,Active License,No
Jones,Bruce,,License,Psychologist,197,2/25/1988,2/25/1994,Expired License,No
Jones,Karen,,License,Psychologist,378,4/16/2002,4/15/2006,Expired License,No
Jones,Zachary,K.,License,Psychologist,729,7/31/2020,6/30/2027,Active License,No
Jordan,Jimmy,,Certified,Specialist in School Psychology,CSSP05,7/6/2009,7/5/2013,Expired License,No
Jordan,Samuel,D.,License,Behavioral Analyst,BA-052,4/2/2024,6/30/2024,Expired License,No
Joseph,Colin,,License,Psychologist,400,2/13/2004,2/12/2005,Expired License,No
Jureller,Daniel,S.,License,Psychologist,741,2/22/2021,6/30/2024,Expired License,No
Jurkovic,Gregory,,License,Psychologist,82,,,Expired License,No
Kaiser Pajari,Nina,M.,Temporary License,Psychologist,T-095,6/23/2020,3/13/2023,Expired License,No
Kamback,Marvin,,License,Psychologist,112,,,Expired License,No
Kamins,Richard,,License,Psychologist,159,,,Expired License,No
Kang,Emma,A.,License,Behavior Analyst,BA-068,10/2/2024,6/30/2027,Active License,No
Kaufman,Christopher,,License,School Psychologist,SP02,2/5/1996,2/5/1998,Expired License,No
Kay,Sharon,,License,Psychologist,467,8/28/2008,6/30/2016,Expired License,No
Kearly,Donald,J.,License,Psychologist,501,2/25/2011,6/30/2026,Expired License,No
Keating,Aaron,M.,License,Psychologist,735,12/7/2020,6/30/2025,Expired License,No
Kelso,Robert,R.,License,Psychologist,73,10/21/1974,10/21/2009,Expired License,No
Kemper,Ericka,K.,License,Psychologist,373,12/20/2001,6/30/2027,Active License,No
Kemper,Ericka,K.,License,Psychologist,356P,12/4/2000,12/19/2001,Expired License,No
Kennedy,Annette,,License,Psychologist,777,10/18/2021,6/30/2025,Expired License,No
Kesler,Jeffrey,,Certified,Pschological Practitioner,CPP03,4/24/1998,4/24/2000,Expired License,No
Kevonian,Alexia,,License,Psychologist,623,3/28/2017,6/30/2019,Expired License,No
Kew,John,,License,Psychologist,14,1/1/1966,,Expired License,No
Kholodkov,Tatyana,,License,Psychologist,646,1/17/2018,6/30/2022,Expired License,No
Kiefner,Mark,,License,Psychologist,204,11/28/1988,11/28/1994,Expired License,No
Kilwein,Tess,M.,License,Psychologist,710,1/9/2020,6/30/2027,Active License,No
Kim,Woo Chang,,License,Psychologist,630,6/20/2017,6/30/2023,Expired License,No
Kim-Patroni,Chelsey,M.,License,Behavior Analyst,BA-066,8/29/2024,6/30/2025,Expired License,No
King,Ann R.E.,,License,Psychologist,780,10/29/2021,6/30/2027,Active License,No
King,Brenda,S.,Certified,Specialist in School Psychology,CSSP-19,7/1/2026,6/30/2027,Active License,No
Kinney,Phyllis Poe,,License,Psychologist,67,5/27/1973,5/27/1998,Expired License,No
Kirk,David,,License,Psychologist,5,1/1/1966,,Expired License,No
Kirlin,Kristin,A.,License,Psychologist,877,7/1/2025,6/30/2027,Active License,No
Kirlin,Margaret,M.,License,Psychologist,768,7/29/2021,6/30/2023,Expired License,No
Kitchen Andren,Katherine,A.,License,Psychologist,783,1/18/2022,6/30/2023,Expired License,No
Kitchin,Jannessa,L.,License,Psychologist,852,2/27/2024,6/30/2027,Active License,No
Klaber,Julie,R.,License,Psychologist,773,9/21/2021,6/30/2027,Active License,No
Kline,Joshua,S.,License,Psychologist,660,5/4/2018,6/30/2027,Active License,No
Klinkefus,Nicholas,S.,License,Behavior Analyst,BA-057,7/1/2024,6/30/2026,Expired License,No
Kloock,Kirsten,R.,License,Psychologist,558,1/16/2015,6/30/2016,Expired License,No
Klotzbach,Cora,J.,License,Psychologist,302,11/21/1997,6/30/2027,Active License,No
Klunder,Charles,S.,License,Psychologist,248,7/13/1993,6/30/2027,Active License,No
Koehn,David,J.,License,Psychologist,704,10/17/2019,6/30/2027,Active License,No
Koenig,Kara,R.,Temporary license,Psychologist,T-125,4/6/2021,3/13/2023,Expired License,No
Kofron,Hannah,I.,License,Behavior Analyst,BA-099,3/16/2026,6/30/2027,Active License,No
Kohrs,Eldean,,License,Psychologist,50,4/6/1970,4/6/1997,Expired License,No
Kovary-Frank,Meridith,N.,License,Psychologist,882,10/23/2025,6/30/2027,Active License,No
Kraft,Chris,S.,Temporary License,Psychologist,T-086,4/27/2020,3/13/2023,Expired License,No
Kraft,Rachel,R.,Status,Psychological Resident,,,,Expired License,No
Kramer,Carol,C.,Certified,Specialist in School Psychology,CSSP-02,4/29/2008,6/30/2022,Expired License,No
Krause,Stuart,,License,Psychologist,372,12/17/2001,6/30/2013,Expired License,No
Kraushaar,Alan,,License,Psychologist,89,10/22/1976,10/22/2001,Expired License,No
Kray,Samantha,E.,License,Psychologist,684,3/5/2019,6/30/2020,Expired License,No
Krellner,Ana,S.,Temporary License,Psychologist,T-144,8/31/2021,3/13/2023,Expired License,No
Krigbaum,Genomary,,License,Psychologist,669,7/23/2018,6/30/2027,Active License,No
Krippner,Kevin,M.,Temporary License,Psychologist,T-103,9/29/2020,3/13/2023,Expired License,No
Kroll-Fratoni,Mark,J.,License,Psychologist,539,1/21/2014,6/30/2015,Expired License,No
Kroupa,Steven,E.,License,Psychologist,214,11/6/1990,6/30/2025,Expired License,No
Krueger,Eric,A.,License,Psychologist,481,10/19/2009,6/30/2027,Active License,No
Krum,Laura,M.,License,Psychologist,661,5/14/2018,6/30/2022,Expired License,No
Krylowicz,Brian,,License,Psychologist,381,7/19/2002,7/18/2004,Expired License,No
Ksir,Charles,,License,Psychologist,210,5/17/1990,5/17/1993,Expired License,No
Kubacki,Steven,,License,Psychologist,250,6/16/1993,6/16/1999,Expired License,No
Kuhn,Stacey,E.,License,Behavior Analyst,BA-027,7/3/2023,6/30/2027,Active License,No
Kurtz,Michael,J.,License,Psychologist,508,12/9/2011,6/30/2027,Active License,No
Kutz,Amanda,M.,License,Psychologist,858,7/1/2024,6/30/2025,Expired License,No
Laakmann,Wendy,E.,License,Psychologist,399,12/22/2003,6/30/2016,Expired License,No
Lamm,Mary Agnes,V.,License,Psychologist,709,12/31/2019,6/30/2027,Active License,No
Lammers,John,P.,License,Psychologist,689,4/11/2019,6/30/2027,Active License,No
Lancelotta,Gary,X.,License,Psychologist,455,12/14/2007,6/30/2027,Active License,No
Landesman,Carol,,License,Psychologist,188,8/8/1986,8/8/1994,Expired License,No
Landy-Sollie,Lauren,N.,Temporary Licensure,Psychologist,T-152,3/8/2022,3/13/2023,Expired License,No
Lange,Robin,E.,Temporary License,Psychologist,T-073,1/8/2020,3/13/2023,Expired License,No
Lange,Robin,E.,Temporary License,Psychologist,T-058,6/5/2018,6/4/2019,Expired License,No
Langenecker,Scott,A.,License,Psychologist,764,7/6/2021,6/30/2023,Expired License,No
Lanum,Joan,,License,Psychologist,329,6/30/1999,6/30/2005,Expired License,No
LaRocque,Stephanie,,License,Psychologist,364,9/4/2001,9/3/2004,Expired License,No
LaRocque,Stephanie,,License,Psychologist,528,2/11/2013,6/30/2027,Active License,No
Lassak,Patricia,,License,Psychologist,322,12/21/1998,12/21/2000,Expired License,No
Latta,Linda Christine,,License,Psychologist,CPP02,3/11/1996,3/11/1997,Expired License,No
Latta,Linda Christine,,License,Psychologist,293,2/27/1997,2/27/2007,Expired License,No
Laurent,Heidemarie,K.,License,Psychologist,504,8/24/2011,8/23/2013,Expired License,No
Laviola,Chris,D.,License,Psychologist,494,8/6/2010,8/5/2012,Expired License,No
Lawless,Christopher,J.,License,Psychologist,691,5/13/2019,6/30/2027,Active License,No
Leark,Robert,A.,License,Psychologist,T-171,3/5/2025,3/4/2026,Expired License,No
Lee,Jinsoon,,Temporary License,Psychologist,T-127,4/14/2021,3/13/2023,Expired License,No
Legerski,Daniel,L.,Temporary License,Psychologist,T-129,5/14/2021,3/13/2023,Expired License,No
Leininger,Bruce,E.,License,Psychologist,258,12/16/1993,6/30/2025,Expired License,No
Leslie,Kristina,M.,License,Behavior Analyst,BA-025,5/10/2023,6/30/2027,Active License,No
Leugers,Ray,,License,Psychologist,109,5/25/1978,5/25/2012,Expired License,No
Levy,Erik,,License,Psychologist,396,6/23/2003,6/22/2006,Expired License,No
Lewis,James,R.,License,Psychologist,394,6/18/2003,6/17/2013,Expired License,No
Lewis,Patrick,J.,License,Psychologist,491,7/12/2010,6/30/2015,Expired License,No
Liao,Liang,,License,Psychologist,752,5/10/2021,6/30/2023,Expired License,No
Liberadzki,Grzegorz,S.,License,Psychologist,655,4/23/2018,6/30/2027,Active License,No
Liden,David,,License,Psychologist,90,10/22/1976,10/22/1996,Expired License,No
Lime,Phebe,T.,Temporary license,Psychologist,T-119,3/3/2021,3/13/2023,Expired License,No
Lindberg,Frederick,H.,License,Psychologist,68,5/29/1973,6/30/2024,Expired License,No
Lindsay,Julie,E.,License,Psychologist,451,10/5/2007,6/30/2027,Active License,No
Lindsey,Kenneth,P.,License,Psychologist,514,3/19/2012,6/30/2016,Expired License,No
Liu,Huan-Chung,S.,Status,Psychological Resident,,,,Expired License,No
Livermore,Emily,E.,Licensed,Pyschologist,872,4/9/2025,6/30/2026,Expired License,No
Lockwood Willoughby,Jessie,A.,License,Behavior Analyst,BA-110,7/1/2026,6/30/2027,Active License,No
Longstreth,Morgan,E.,License,Psychologist,822,1/30/2023,6/30/2026,Expired License,No
Loper,R. Patrick,,License,Psychologist,162,1/29/1984,1/29/2004,Expired License,No
Losee,Melinda,C.,License,Psychologist,319,12/4/1998,6/30/2027,Active License,No
Lottridge,Stephen,S.,License,Psychologist,201,11/14/1988,6/30/2018,Expired License,No
Lotts,Vivian,A.,License,Psychologist,562,3/2/2015,6/30/2016,Expired License,No
"Louis, Jr.",Ralph,H.,License,Psychologist,234,6/3/1992,6/30/2027,Active License,No
Lozano,Rubi,J.,License,Psychologist,782,11/16/2021,6/30/2027,Active License,No
Lynch,Ian,J.,License,Psychologist,557,12/31/2014,6/30/2023,Expired License,No
MacDonald,James,,License,Psychologist,193,6/15/1987,6/15/1993,Expired License,No
MacLean,William,E.,License,Psychologist,287,9/13/1996,6/30/2020,Expired License,No
Maddix,Tiesha,K.,License,Psychologist,596,5/6/2016,6/30/2026,Expired License,No
Madrigal,Tabitha,J.,Certified,Psychological Practitioner,CPP07,7/29/2005,6/30/2014,Expired License,No
Magee,Alexandria,M.,License,Behavior Analyst,BA-075,12/30/2024,6/30/2025,Expired License,No
Mahaffey,Katherine,J.,License,Psychologist,418,4/11/2005,6/30/2027,Active License,No
Main,Charles,,License,Psychologist,84,5/1/1976,6/30/2016,Expired License,No
Majhanovich,Karly,R.,License,Behavior Analyst,BA-001,3/1/2023,6/30/2027,Active License,No
Malley,Angela,M.,Certification,Specialist in School Psychology,CSSP-15,3/16/2018,6/30/2020,Expired License,No
Mallonee,Sybil,D.,License,Psychologist,736,12/22/2020,6/30/2027,Active License,No
Malone,Ryan,T.,License,Psychologist,851,2/14/2024,6/30/2025,Expired License,No
Manning,Christine,M.,License,Behavior Analysis,BA-037,9/22/2023,6/30/2026,Expired License,No
Manning,John,M.,License,Psychologist,659,5/3/2018,6/30/2027,Active License,No
Manwill,Gerald,E.,License,Psychologist,385,12/17/2002,6/30/2024,Expired License,No
Marcinak,Jaquelyn,S.,License,Psychologist,559,2/6/2015,6/30/2022,Expired License,No
Marshall,Prudy,S.,License,Psychologist,135,5/20/1981,6/30/2022,Expired License,No
Martell,Daniel,A.,Temporary License,Psychologist,T-161,3/31/2023,3/30/2024,Expired License,No
Martell,Daniel,A.,Temporary License,Psychologist,T-139,7/6/2021,3/13/2023,Expired License,No
Martin,Chelsea,L.,License,Psychologist,824,2/6/2023,6/30/2026,Expired License,No
Martin,Iva,,License,Psychologist,30,,,Expired License,No
Martin,Robert,M.,License,Psychologist,719,4/3/2020,6/30/2022,Expired License,No
"Martin, Jr.",William,,License,Psychologist,323,2/23/1999,2/23/2000,Expired License,No
Martinez,Hannah,R.,License,Psychologist,754,5/28/2021,6/30/2027,Active License,No
Mathenia,Mary,C.,License,Behavior Analyst,BA-086,9/19/2025,6/30/2027,Active License,No
Mathyssek,Christina,M.,License,Psychologist,887,7/1/2026,6/30/2027,Active License,No
Mattar,Tamer,F.,License,Psychologist,506,11/4/2011,6/30/2023,Expired License,No
Matthies,Derek,W.,License,Psychologist,649,2/26/2018,6/30/2020,Expired License,No
Mattison,Theresa,A.,License,Psychologist,541,3/17/2014,6/30/2026,Expired License,No
Matzelle,Robert,D.,License,Psychologist,450,9/19/2007,6/30/2027,Active License,No
Matzke,Michelle,R.,License,Psychologist,750,4/12/2021,6/30/2027,Active License,No
Maxwell,Heidi,M.,License,Psychologist,711,1/23/2020,6/30/2022,Expired License,No
Maxwell,Morgan,T.,Certified,Psychological Practitioner,CPP-12,8/9/2024,6/30/2027,Active License,No
Maynard,Brandon,W.,License,Psychologist,668,7/23/2018,6/30/2023,Expired License,No
Mayne,Brenda,,License,Psychologist,296,6/23/1997,6/23/2000,Expired License,No
McAulay,CJ,K.,License,Psychologist,633,7/17/2017,6/30/2026,Expired License,No
McCabe,Amanda E.L.,,License,Psychologist,566,5/11/2015,6/30/2027,Active License,No
McClain,Lawrence,C.,License,Psychologist,873,4/14/2025,6/30/2027,Active License,No
McCormick,Laura,L.,License,Psychologist,463,8/27/2018,6/30/2023,Expired License,No
McCormick,Laura,L.,License,Psychologist,463,6/26/2008,6/30/2018,Expired License,No
McCormick,Sean,D.,License,Psychologist,726,6/11/2020,6/30/2027,Active License,No
McDaniel,Crista,,License,Psychologist,243,1/25/1993,1/25/2000,Expired License,No
McDonagh,James,,License,Psychologist,360,6/28/2001,6/28/2004,Expired License,No
McDonnell,Christina,G.,License,Psychologist,789,3/9/2022,6/30/2027,Active License,No
Mcelhose,Robert,,License,Psychologist,241,1/19/1993,1/19/1995,Expired License,No
McElwee,John,D.,License,Behavior Analyst,BA-023,4/25/2023,6/30/2027,Active License,No
McEwan,Janet,E.,License,Psychologist,778,10/18/2021,6/30/2027,Active License,No
Mcfadden,Hugh,,License,Psychologist,15,1/1/1966,,Expired License,No
McFarland,Benjamin,B.,License,Behavior Analyst,BA-035,8/29/2023,6/30/2027,Active License,No
McFarland,Craig,P.,License,Psychologist,795,4/18/2022,6/30/2023,Expired License,No
McFarland,Victoria,A.,License,Behavior Analyst,BA-047,1/31/2024,6/30/2025,Expired License,No
McGarrity,Larissa,A.,License,Psychologist,812,10/31/2022,6/30/2023,Expired License,No
McGinley,Hugh,,License,Psychologist,71,10/24/1974,10/24/2002,Expired License,No
McGinley,Kathleen,,License,Psychologist,314,8/31/1998,8/31/2000,Expired License,No
McGinnis,Cody,L.,License,Psychologist,715,2/10/2020,6/30/2022,Expired License,No
McIntyre,Timothy,,License,Psychologist,230,5/4/1992,5/4/2002,Expired License,No
McKay,Susan,A.,License,Psychologist,124,11/25/1979,6/30/2022,Expired License,No
McKee,Laura,,License,Psychologist,344,2/22/2000,6/30/2021,Expired License,No
McKibbin,Christine,L.,License,Psychologist,493,7/16/2010,7/15/2011,Expired License,No
McKibbin,Christine,L.,License,Psychologist,493,12/7/2011,6/30/2027,Active License,No
McKinney,Amy,L.,License,Psychologist,607,8/10/2016,6/30/2027,Active License,No
McKinnie,Michele,,License,Psychologist,369,10/8/2001,10/7/2006,Expired License,No
McKinnon,Laura,L.,Certified,Psychological Practitioner,CPP-08,3/28/2006,6/30/2026,Expired License,No
McLaughlin,Marc,D.,License,Psychologist,484,2/1/2010,6/30/2027,Active License,No
McLeod,Barbara,A.,License,Psychologist,609,9/9/2016,6/30/2027,Active License,No
McNeill Clark,Linda,E.,License,Psychologist,SP01,9/15/1994,6/30/2014,Expired License,No
Meeker,Linda,A.,License,Psychologist,426,8/8/2005,6/30/2025,Expired License,No
Meisels,Mordechai,T.,License,Behavior Analyst,BA-109,7/1/2026,6/30/2027,Active License,No
Melear,John,,License,Psychologist,128,4/30/1980,4/30/1994,Expired License,No
Mendonsa,Andrew,D.,License,Psychologist,703,10/14/2019,6/30/2027,Active License,No
Mercadal,Dennis,,License,Psychologist,110,10/27/1978,10/27/2005,Expired License,No
Merkey,Toni,B.,License,Psychologist,536,9/17/2013,6/30/2016,Expired License,No
Merkley,Rodney,C.,License,Psychologist,592,4/4/2016,6/30/2027,Active License,No
Merrill,Kaydie,E.,License,Behavior Analyst,BA-076,3/4/2025,6/30/2027,Active License,No
Messler,Erick,C.,License,Psychologist,579,12/15/2015,6/30/2022,Expired License,No
Mette,Rebecca,A.,License,Psychologist,537,11/1/2013,6/30/2015,Expired License,No
Meyers,Colleen,A.,License,Behavior Analyst,BA-031,8/14/2023,6/30/2025,Expired License,No
Mickelson,Bryan,K.,License,Psychologist,535,8/14/2013,6/30/2027,Active License,No
Mickens,Melody,N.,Temporary license,Psychologist,T-146,9/14/2021,3/13/2023,Expired License,No
Miller,Cara,A.,Temporary License,Psychologist,T-130,5/14/2021,3/13/2023,Expired License,No
Miller,Colton,,License,Psychologist,810,10/24/2022,6/30/2023,Expired License,No
Miller,Constance,,License,Psychologist,194,6/15/1987,6/15/1998,Expired License,No
Miller,Debra Annette,,License,Psychologist,237,8/13/1992,8/13/1994,Expired License,No
Miller,James M.S.,,License,Psychologist,582,2/8/2016,6/30/2022,Expired License,No
Miller,Lindsay,M.,License,Psychologist,758,7/1/2021,6/30/2027,Active License,No
Miller,Stephanie,F.,Temporary License,Psychologist,T-038,12/1/2016,11/30/2017,Expired License,No
Miller,Tammi,R.,Certified,Specialist in School Psychology,CSSP-13,9/18/2015,6/30/2019,Expired License,No
Milnes,Suzanne,M.,Temporary License,Psychologist,T-047,8/23/2017,8/22/2018,Expired License,No
Miracle,Brian,,License,Psychologist,41,10/31/1966,10/31/2003,Expired License,No
Miyatake,Ronald,,License,Psychologist,358,2/21/2001,2/21/2007,Expired License,No
Monnig,Francis,,License,Psychologist,78,4/22/1975,4/22/1996,Expired License,No
Montesi,Alexandra,S.,License,Psychologist,842,8/11/2023,6/30/2026,Expired License,No
Montville,Paul,,License,Psychologist,51,6/18/1970,6/18/1998,Expired License,No
Moore,Cooper,B.,License,Psychologist,798,8/29/2022,6/30/2027,Active License,No
Moore,Terry,W.,License,Psychologist,172,6/1/1984,6/1/2013,Expired License,No
Moran,Jacqueline,M.,License,Behavior Analyst,BA-060,8/12/2024,6/30/2025,Expired License,No
Mores,Maria,L.,License,Psychologist,367,9/27/2001,6/30/2019,Expired License,No
Morgan,Laci,L.,License,Psychologist,472,12/22/2008,6/30/2027,Active License,No
Morrill,Reed,,License,Psychologist,76,4/21/1975,4/21/1993,Expired License,No
Morris,Bryan,D.,License,Psychologist,588,3/14/2016,6/30/2027,Active License,No
Morris,Julie,E.,License,Psychologist,672,8/20/2018,6/30/2027,Active License,No
Morris,Julie,E.,License,Psychologist,548,9/16/2014,6/30/2015,Expired License,No
Morris,Justin,T.,License,Psychologist,744,3/11/2021,6/30/2027,Active License,No
Morrison,Kate,L.,Temporary License,Psychologist,T-078,2/26/2020,3/13/2023,Expired License,No
Moss,William,A.,License,Psychologist,713,2/7/2020,6/30/2023,Expired License,No
Moten,Rosalynn,M.,License,Psychologist,836,4/24/2023,6/30/2027,Active License,No
Mullins,Collin,D.,License,Psychologist,728,7/13/2020,6/30/2027,Active License,No
Mullins,Stuart,M.,License,Behavior Analyst,BA-014,3/31/2023,6/30/2027,Active License,No
Munn,Walter Daniel,,License,Psychologist,179,6/24/1985,6/24/2010,Expired License,No
Murdock,Paul,D.,License,Psychologist,699,7/16/2019,6/30/2027,Active License,No
Murphey,James,P.,Temporary license,Psychologist,T-121,3/11/2021,3/13/2023,Expired License,No
Murray,Sarah,E.,License,Psychologist,T-107,10/29/2020,10/28/2021,Expired License,No
Murray,Sarah,E.,License,Psychologist,759,7/1/2021,6/30/2022,Expired License,No
Murraysmith,Vanesa,,License,Psychologist,337,9/22/1999,9/22/2001,Expired License,No
Musselman,Aubrie,R.,License,Psychologist,874,4/29/2025,6/30/2027,Active License,No
Myers,Julia,A.,Temporary License,Psychologist,T-084,4/24/2020,3/13/2023,Expired License,No
Myles,Raymond,J.,License,Psychologist,571,8/24/2015,6/30/2020,Expired License,No
Naginey,Judith,L.,License,Psychologist,217,11/6/1990,11/6/1995,Expired License,No
Naginey,Judith,L.,License,Psychologist,380,6/28/2002,6/30/2026,Expired License,No
Nally,Michael,,License,Psychologist,83,,,Expired License,No
Nautscher,Christine,U.,License,Psychologist,599,5/24/2016,6/30/2027,Active License,No
Neeleman,Lori,,License,Psychologist,826,2/21/2023,6/30/2023,Expired License,No
Neeser,Bronwyn,D.,License,Psychologist,888,7/1/2026,6/30/2027,Active License,No
Nelson,Casey,R.,License,Psychologist,621,3/13/2017,6/30/2027,Active License,No
Nelson,Dean,,License,Psychologist,266,7/18/1994,7/18/1995,Expired License,No
Nelson,Steven,A.,License,Psychologist,286,9/13/1996,6/30/2027,Active License,No
Nemeth,Judit,,License,Psychologist,305,12/22/1997,12/22/1998,Expired License,No
Newell,Jennifer,,Provisional License,Psychologist,453P,10/16/2007,10/15/2008,Expired License,No
Newman,Morris,,License,Psychologist,85,,,Expired License,No
Newman,Steven,D.,License,Psychologist,395,6/20/2003,6/30/2025,Expired License,No
Newring,Kirk,AB,Temporary License,Psychologist,T-105,10/20/2020,3/13/2023,Expired License,No
Nicholas,Karen,,License,Psychologist,100,12/6/1977,12/6/2004,Expired License,No
Nikityn,Mary,E.,License,Psychologist,540,1/24/2014,6/30/2023,Expired License,No
Noble,Paul,,License,Psychologist,79,4/22/1975,4/22/1993,Expired License,No
Noethe,Jeffrey,B.,Status,Psychological Resident,,,,Expired License,No
North,Lindsey,W.,Licensed,Psychologist,751,4/7/2025,6/30/2027,Active License,No
North,Lindsey,W.,Licensed,Psychologist,751,4/26/2021,6/30/2024,Expired License,No
Norton,Richard,S.,License,Psychologist,142,11/30/1981,6/30/2020,Expired License,No
Ochoa,Cecilia,,License,Psychologist,492,7/13/2010,7/12/2011,Expired License,No
Ogle,Alan,D.,License,Psychologist,391,3/14/2003,6/30/2022,Expired License,No
Ohashi,Alison,K.,License,Psychologist,233,6/3/1992,6/30/2027,Active License,No
O'Leary,Caitlin,E.,License,Psychologist,645,12/28/2017,6/30/2020,Expired License,No
Olin-Hrbek,Denise,,License,Psychologist,425,7/27/2005,7/26/2006,Expired License,No
Olson,Judith,K.,License,Psychologist,75,4/21/1975,6/30/2022,Expired License,No
Olson,Kern,,License,Psychologist,95,4/15/1977,4/15/1990,Expired License,No
Omsberg,Amy,E.,License,Behavior Analyst,BA-101,3/16/2026,6/30/2027,Active License,No
O'Reilly,Brenda,K.,Temporary License,Psychologist,T-098,7/23/2020,3/13/2023,Expired License,No
Orwick,Perry,,License,Psychologist,48,,,Expired License,No
Osbeck,Safrona,R.,License,Psychologist,552,10/14/2014,6/30/2020,Expired License,No
Ostoja-Starzewska,Ewa,,Temporary License,Psychologist,T-162,4/3/2023,4/2/2024,Expired License,No
Ostoja-Starzewska,Ewa,,Temporary License,Psychologist,T-111,11/24/2020,3/13/2023,Expired License,No
O'Sullivan,Robin,R.,License,Psychologist,568,6/24/2015,6/30/2018,Expired License,No
Otto,Jessika,S.,License,Behavior Analyst,BA-104,3/31/2026,6/30/2027,Active License,No
Ouchi,Yuko,G.,License,Psychologist,866,12/23/2024,6/30/2026,Expired License,No
Pagano,Stephanie,N.,License,Psychologist,561,2/26/2015,6/30/2027,Active License,No
"Pagano, Jr.",Louis,A.,License,Psychologist,590,3/22/2016,6/30/2027,Active License,No
Page,Charles,,License,Psychologist,229,3/20/1992,3/20/1998,Expired License,No
Pandola,Olivia,M.,License,Behavior Analyst,BA-097,2/24/2026,6/30/2027,Active License,No
Pannebaker,Jennifer,L.,Licensed,Behavior Analyst,BA-029,7/27/2023,6/30/2024,Expired License,No
Pantleo,Phillip,,License,Psychologist,54,9/27/1971,12/17/1993,Expired License,No
Parrack,Jennifer,D.,License,Psychologist,458,4/23/2008,4/22/2010,Expired License,No
Parsley,LaTanya,C.,License,Behavior Analyst,BA-032,8/15/2023,6/30/2024,Expired License,No
Partridge,Brian,C.,Temporary License,Psychologist,T-070,10/11/2019,3/13/2023,Expired License,No
Partridge,Brian,C.,Temporary License,Psychologist,T-055,5/8/2018,5/7/2019,Expired License,No
Pasewark,Karen Sandstrom,,License,Psychologist,120,6/6/1979,6/6/1998,Expired License,No
Pasewark,Richard,,License,Psychologist,17,1/1/1966,1/1/1994,Expired License,No
Pastore,Vincent,L.,Temporary license,Psychologist,T-145,9/1/2021,3/13/2023,Expired License,No
Pastore,Vincent,L.,Temporary license,Psychologist,T-163,4/18/2023,4/17/2024,Expired License,No
Pastore Watkins,Carol,A.,License,Psychologist,304,12/15/1997,6/30/2027,Active License,No
Patrick,Steven,,License,Psychologist,262,1/12/1994,1/12/1998,Expired License,No
Pattinson,Michael,D.,License,Psychologist,101,12/6/1977,6/30/2027,Active License,No
Peck,"Larry ""Brad""",,License,Psychologist,480,9/15/2009,6/30/2025,Expired License,No
"Peck, III",Edward,A.,Temporary License,Psychologist,T-018,10/28/2014,10/27/2015,Expired License,No
"Peck, III",Edward,A.,Temporary License,Psychologist,T-012,10/28/2013,10/27/2014,Expired License,No
Pedersen,Laren,M.,License,Behavior Analyst,BA-024,5/5/2023,6/30/2025,Expired License,No
Pelc,Robert,E.,License,Psychologist,606,7/18/2016,6/30/2025,Expired License,No
Peltier,Bryan,D.,License,Psychologist,290,1/7/1997,6/30/2027,Active License,No
Pepper,Carolyn,M.,License,Psychologist,404,4/5/2004,6/30/2027,Active License,No
Percy,Matthew,S.,License,Psychologist,532,6/10/2013,6/30/2014,Expired License,No
Perille,Julien,T.,Temporary License,Psychologist,T-148,10/14/2021,3/13/2023,Expired License,No
Perkinson,Robert,,License,Psychologist,72,10/21/1974,10/21/1995,Expired License,No
Perry,Richard,T.,License,Psychologist,184,11/26/1985,11/26/2010,Expired License,No
Persing,Lauren,EB,Temporary License,Psychologist,T-174,11/5/2025,11/4/2026,Active License,No
Pesch,Kathryn,M.,Temporary license,Psychologist,T-118,2/10/2021,3/13/2023,Expired License,No
Peterson,Robert,L.,Certified,Specialist in School Psychology,CSSP-18,12/6/2023,6/30/2027,Active License,No
Petren,Suzanne,,License,Psychologist,424,7/18/2005,6/30/2027,Active License,No
Petrino,Kelly,,License,Psychologist,505,9/23/2011,6/30/2023,Expired License,No
Piazza,Cathleen,C.,Temporary License,Psychologist,T-036,10/17/2016,10/16/2017,Expired License,No
Pierce,David,,License,Psychologist,115,,,Expired License,No
Pietz,Christina,A.,Temporary License,Psychologist,T-142,7/20/2021,3/13/2023,Expired License,No
Pinarowicz,Jill,V.,License,Psychologist,794,4/11/2022,6/30/2023,Expired License,No
Pippin,Lindsey,M.,License,Behavior Analyst,BA-092,12/4/2025,6/30/2027,Active License,No
Pischer,Caitlin,N.,License,Behavior Analyst,BA-017,4/10/2023,6/30/2027,Active License,No
Pitsch,Madeleine,J.,Certified,Specialist in School Psychology,CSSP-01,3/12/2007,6/30/2026,Expired License,No
Plattner,Sunya,,License,Psychologist,363,7/26/2001,7/25/2003,Expired License,No
Poch,Todd,,License,Psychologist,282,7/12/1996,7/12/2005,Expired License,No
Polefka,David,A.,License,Psychologist,143,1/15/1982,1/15/2012,Expired License,No
Pollock,Megan,M.,License,Psychologist,603,6/2/2016,6/30/2020,Expired License,No
Pollock,Megan,M.,License,Psychologist,774,9/21/2021,6/30/2027,Active License,No
Pommer,Mark,B.,Certified,Specialist in School Psychology,CSSP-04,12/22/2008,6/30/2026,Expired License,No
Poojaroen,Katelyn,,License,Behavior Analyst,BA-042,11/6/2023,6/30/2025,Expired License,No
Popkin,Joshua,R.,License,Psychologist,576,10/28/2015,6/30/2017,Expired License,Yes
Popowycz Kvam,Bohdanna,M.,License,Behavior Analyst,BA-012,3/27/2023,6/30/2025,Expired License,No
Poppleton,Landon,E.,Temporary License,Psychologist,T-027,1/6/2016,1/5/2017,Expired License,No
"Post, Jr.",Gerald,J.,License,Psychologist,335,9/16/1999,6/30/2021,Expired License,No
Postal,Karen,S.,Temporary License,Psychologist,T-013,1/2/2014,1/1/2015,Expired License,No
Potter-Dunlap,Wendyy,,License,Psychologist,131,1/1/1981,1/1/1994,Expired License,No
Powell,Charles,,License,Psychologist,215,11/6/1990,6/30/2027,Active License,No
Powell,Jennifer,L.,License,Behavior Analyst,BA-102,3/16/2026,6/30/2027,Active License,No
Powell,Shawn,D.,License,Psychologist,412,11/5/2004,6/30/2019,Expired License,No
Pozarnsky,Deborah,J.,License,Psychologist,708,12/23/2019,6/30/2027,Active License,No
Praetzel,Christopher H.A.,,License,Psychologist,796,7/25/2022,6/30/2025,Expired License,No
Prat,Nicolas,,License,Psychologist,386,12/17/2002,6/30/2022,Expired License,No
Prescott,Madison,M.,License,Behavior Analyst,BA-051,3/28/2024,6/30/2025,Expired License,No
Price,Frances,L.,License,Psychologist,354,9/8/2000,6/30/2027,Active License,No
Prokop,Rachel,L.,License,Psychologist,673,9/6/2018,6/30/2027,Active License,No
Pruitt,Haley,A.,License,Behavior Analyst,BA-106,5/7/2026,6/30/2027,Active License,No
Puglizevich,Heather,K.,License,Psychologist,808,10/21/2022,6/30/2023,Expired License,No
Putnam,Sarah,E.,License,Psychologist,640,10/6/2017,6/30/2025,Expired License,No
Quest,Audrey,A.,License,Behavior Analyst,BA-011,3/24/2023,6/30/2027,Active License,No
Rainer,Deirdre,D.,License,Psychologist,342,3/22/2011,6/30/2027,Active License,No
Rainer,Deirdre,D.,License,Psychologist,342,2/16/2000,2/16/2010,Expired License,No
Rakow,Michael,J.,License,Psychologist,595,5/2/2016,6/30/2027,Active License,No
Rardin,Donald,R.,License,Psychologist,96,4/15/1976,4/15/2010,Expired License,No
Rardin,Max,,License,Psychologist,40,10/28/1966,10/28/1996,Expired License,No
Rasmussen,Noah,S.,License,Behavior Analyst,BA-108,7/1/2026,6/30/2027,Active License,No
Rather,Bruce,,License,Psychologist,270,3/6/1995,3/6/1997,Expired License,No
Rather,Lee,J.,License,Psychologist,815,11/21/2022,6/30/2027,Active License,No
Rauscher,Jennifer,L.,Temporary License,Psychologist,T-108,10/29/2020,3/13/2023,Expired License,No
Rector,Phillip,K.,License,Psychologist,334,8/9/1999,6/30/2027,Active License,No
Redding,Crystal,M.,License,Psychologist,690,5/6/2019,6/30/2025,Expired License,No
Reed,Gabriel,I.,License,Psychologist,731,8/24/2020,6/30/2027,Active License,No
Reed,Theresa,,License,Psychologist,352,7/18/2000,7/18/2001,Expired License,No
Reichert,Andrew,D.,Temporary License,Psychologist,T-093,6/18/2020,3/13/2023,Expired License,No
Ren,Annie,C.,License,Psychologist,779,10/27/2021,6/30/2023,Expired License,No
Renbarger,Joni,D.,License,Psychologist,435,9/11/2006,6/30/2027,Active License,No
Rentz,Donald,K.,Certified,Specialist in School Psychology,CSSP03,5/30/2008,6/30/2017,Expired License,No
Revis,Elaine,,License,Psychologist,357,12/11/2000,12/11/2005,Expired License,No
Reyes,Shanna,M.,License,Psychologist,862,9/20/2024,6/30/2027,Active License,No
Reyes,Tia,N.,License,Behavior Analyst,BA-044,11/28/2023,6/30/2024,Expired License,No
Reynolds,Abraham,G.,License,Psychologist,855,3/6/2024,6/30/2027,Active License,No
Reynolds,Wayne,R.,License,Psychologist,497,10/12/2010,6/30/2019,Expired License,No
Reynoso,Kristina,L.,Temporary license,Psychologist,T-120,3/4/2021,3/13/2023,Expired License,No
Rich,Greg,S.,License,Psychologist,211,5/15/1990,6/30/2027,Active License,No
Richard,Marnie,G.,License,Psychology,884,11/14/2025,6/30/2027,Active License,No
Richards,Andalin,T.,License,Behavior Analyst,BA-085,9/19/2025,6/30/2027,Active License,No
Richards,Hyrum,,License,Psychologist,47,12/4/1969,12/4/1994,Expired License,No
Richardson,Eric,B.,License,Psychologist,733,10/15/2020,6/30/2027,Active License,No
Richey,Kayla,N.,License,Behavior Analyst,BA-084,9/4/2025,6/30/2026,Expired License,No
Richner,Kailey,A.,License,Psychologist,879,8/20/2025,6/30/2027,Active License,No
Ricks,Nicole,R.,License,Behavior Analyst,BA-070,10/8/2024,6/30/2025,Expired License,No
Ricotta,Philip,F.,License,Psychologist,T-172,3/5/2025,3/4/2026,Expired License,No
Ricotta,Philip,F.,License,Psychologist,T-167,2/5/2024,2/4/2025,Expired License,No
Ridge,Brittany,E.,License,Psychologist,727,6/12/2020,6/30/2027,Active License,No
Riley,Theo,A.,License,Psychologist,200,9/18/1988,6/30/2019,Expired License,No
Ritschard,Hans,V.,License,Psychologist,628,5/4/2017,6/30/2027,Active License,No
Rivas,Nancy,M.,Temporary License,Psychologist,T-048,10/3/2017,10/2/2018,Expired License,No
Robbins,Frances,,License,Psychologist,320,12/14/1998,12/14/2003,Expired License,No
Roberts,Renee,,License,Psychologist,375,1/31/2002,1/30/2005,Expired License,No
Roberts,Valerie,C.,License,Psychologist,T-168,6/13/2024,6/12/2025,Expired License,No
Roberts,Valerie,C.,License,Psychologist,T-164,6/20/2023,6/19/2024,Expired License,No
Robertson,Betty,,License,Psychologist,195,6/15/1987,6/15/1996,Expired License,No
Robinson,Daniel,W.,License,Psychologist,460,5/22/2008,5/21/2012,Expired License,No
Robinson,Daniel,W.,License,Psychologist,531,5/23/2013,6/30/2021,Expired License,No
Robles,Katherine,R.,License,Psychologist,648,2/12/2018,6/30/2027,Active License,No
Robles,Steven,,License,Psychologist,641,10/17/2017,6/30/2027,Active License,No
Roche,Brenda,,License,Psychologist,420,5/9/2005,5/8/2007,Expired License,No
Rodgers,Charles,W.,License,Psychologist,58,4/27/1972,6/30/2018,Expired License,No
Rodin,Stanley,,License,Psychologist,74,,,Expired License,No
Rodriguez Santiago,Mariaenid,,License,Psychologist,806,10/7/2022,6/30/2027,Active License,No
Rogers,Alyssa,R.,License,Psychologist,878,7/14/2025,6/30/2027,Active License,No
Rogers,Sarah,J.,License,Psychologist,522,8/31/2012,6/30/2017,Expired License,No
Roman,Pamela,R.,License,Psychologist,575,9/24/2015,6/30/2018,Expired License,No
Romero,Daniel,H.,License,Psychologist,657,4/27/2018,6/30/2027,Active License,No
Roseman,Amber,R.,License,Behavior Analyst,BA-100,3/16/2026,6/30/2027,Active License,No
Rosenke,Dorothy Harsher,,License,Psychologist,171,6/1/1984,6/1/2001,Expired License,No
Roth,Steven,,License,Psychologist,118,12/4/1978,12/31/1991,Expired License,No
Rounds,Amanda,F.,License,Behavior Analyst,BA-074,12/20/2024,6/30/2027,Active License,No
Rudzis,Kristine,N.,License,Behavior Analyst,BA-088,10/7/2025,6/30/2027,Active License,No
Rue,Nicole,M.,License,Psychologist,656,4/25/2018,6/30/2027,Active License,No
Ruiz,Haylie,M.,License,Behavior Analyst,BA-077,4/9/2025,6/30/2027,Active License,No
Rumph,Jodi,K.,License,Behavior analyst,BA-053,4/18/2024,6/30/2024,Expired License,No
Russell,Brittany,M.,License,Psychologist,739,1/12/2021,6/30/2027,Active License,No
Russell,Sue,A.,Temporary License,Psychologist,T-085,4/24/2020,3/13/2023,Expired License,No
Russo,Patricia,K.,Temporary License,Psychologist,T-092,6/10/2020,3/13/2023,Expired License,No
Rutt,Gloria,D.,License,Psychologist,422,6/13/2005,6/12/2011,Expired License,No
Salmonsen,Jessica,E.,License,Psychologist,865,12/18/2024,6/30/2027,Active License,No
Sandall,G. Nohl,,License,Psychologist,158,6/28/1983,6/28/2013,Expired License,No
Sandall,G. Nohl,,License,Psychologist,543,6/4/2014,6/30/2022,Expired License,No
Sandifer,Michael,,License,Psychologist,332,7/23/1999,7/23/2003,Expired License,No
Santos,Jeanette,C.,License,Psychologist,706,11/25/2019,6/30/2027,Active License,No
Santos,Scott,J.,License,Psychologist,565,4/7/2015,6/30/2027,Active License,No
Sargeant,Jon,J.,License,Behavior Analyst,BA-081,8/11/2025,6/30/2026,Expired License,No
Sartori,Ann,N.,License,Psychologist,580,1/15/2016,6/30/2016,Expired License,No
Saville,Edith Esther,,License,Psychologist,470P,10/28/2008,10/19/2009,Expired License,No
Saville,Edith Esther,,License,Psychologist,470,10/20/2009,6/30/2027,Active License,No
Scambler,Douglas,J.,License,Psychologist,448,8/29/2007,6/30/2027,Active License,No
Scardino,Teresa,J.,License,Psychologist,254,8/20/1993,6/30/2023,Expired License,No
Schaffer,Brian,E.,License,Psychologist,417,11/7/2011,6/30/2014,Expired License,No
Schaffer,Brian,E.,License,Psychologist,417,3/4/2005,3/3/2010,Expired License,No
Scheu,Elizabeth,V.,License,Psychologist,461,5/27/2008,6/30/2027,Active License,No
Schilling,Martha,E.,License,Psychologist,156,6/28/1983,6/30/2017,Expired License,No
Schimsa,Cassandra,L.,License,Psychologist,682,1/10/2019,6/30/2027,Active License,No
Schloredt,Kelly,A.,Temporary license,Psychologist,T-117,2/4/2021,3/13/2023,Expired License,No
Schmidt-Walker,Kim,E.,License,Psychologist,285,9/27/1996,6/30/2014,Expired License,No
Schnabel,Jenell,M.,License,Behavior Analyst,BA-018,4/10/2023,6/30/2025,Expired License,No
Schnatterbeck,Thomas,M.,License,Psychologist,442,3/13/2007,6/30/2027,Active License,No
Schreuder,Carol,,License,Psychologist,174,12/10/1984,12/10/1997,Expired License,No
Schroeder,E. Dean,,License,Psychologist,80,9/1/1975,6/30/2017,Expired License,No
Schumaker,Lindsey,C.,Certified,Specialist in School Psychology,CSSP-16,1/27/2022,6/30/2027,Active License,No
Schwartz,Mihaela,C.,License,Behavior Analyst,BA-058,7/15/2024,6/30/2026,Expired License,No
Scott,Walter,D.,License,Psychologist,454,11/26/2007,11/25/2009,Expired License,No
Scott,Walter,D.,License,Psychologist,553,10/10/2016,6/30/2017,Expired License,No
Scott,Walter,D.,License,Psychologist,553,10/30/2014,6/30/2016,Expired License,No
Scott,Walter,D.,License,Psychologist,390,2/18/2003,2/17/2005,Expired License,No
Scott,Walter,D.,License,Psychologist,454,9/20/2011,6/30/2013,Expired License,No
Searcy,Jasmin,S.,License,Psychologist,598,5/24/2016,6/30/2019,Expired License,No
Seavey,Brian,,License,Psychologist,439,10/16/2006,10/15/2007,Expired License,No
Sellers,Kristie,K.,License,Psychologist,880,9/19/2025,6/30/2027,Active License,No
Sells,Christine,,Temporary License,Psychologist,T-101,9/11/2020,3/13/2023,Expired License,No
Sharp,William Harry,,License,Psychologist,1,1/1/1966,1/1/1995,Expired License,No
Sharrieff,Allah-Fard,M.,License,Psychologist,578,12/8/2015,6/30/2023,Expired License,No
Shaw,David,I.,License,Psychologist,538,11/7/2013,6/30/2014,Expired License,No
Shebuski,Karen,M.,License,Psychologist,787,3/1/2022,6/30/2027,Active License,No
Sheets,Stephen D.T.,,License,Psychologist,610,9/8/2016,6/30/2027,Active License,No
Sheinbein,Shelly,T.,License,Psychologist,760,7/1/2021,6/30/2027,Active License,No
Shelton,Sarah,F.,License,Psychologist,793,4/7/2022,6/30/2023,Expired License,No
Sheppard,Debra,J.,License,Psychologist,428,9/30/2005,6/30/2027,Active License,No
Sherman,Geoffrey,W.,License,Psychologist,469,10/24/2008,6/30/2027,Active License,No
Sherwood,Kendra,L.,License,Psychologist,585,3/2/2016,6/30/2020,Expired License,No
Shields,Candyce,,License,Psychologist,429,2/3/2006,2/2/2009,Expired License,No
Shienvold,Arnold,T.,Temporary License,Psychologist,T-071,11/19/2019,3/13/2023,Expired License,No
Shtulman,Rebecca,S.,License,Psychologist,512,2/15/2012,6/30/2027,Active License,No
Siiteri,Eric,H.,License,Psychologist,278,3/8/1996,6/30/2022,Expired License,No
Silberstein,Lauren,K.,License,Psychologist,547,9/12/2014,6/30/2016,Expired License,No
Silk,Eric,E.,License,Psychologist,526,10/17/2012,6/30/2027,Active License,No
Silverman,Paul,S.,Temporary license,Psychologist,T-122,3/12/2021,3/13/2023,Expired License,No
Simpson,Glen,,License,Psychologist,347,6/20/2000,6/20/2002,Expired License,No
Sims,Brianna,S.,License,Behavior Analyst,BA-091,11/7/2025,6/30/2026,Expired License,No
Sink,John,R.,License,Psychologist,361,6/28/2001,6/30/2017,Expired License,No
Sisson,John,,License,Psychologist,272,6/7/1995,6/7/2005,Expired License,No
Skalicky,Aaron,E.,License,Psychologist,745,3/18/2021,6/30/2023,Expired License,No
Skalicky,Aaron,E.,License,Psychologist,T-109,10/29/2020,3/18/2021,Expired License,No
Slater,Sandra,V.,License,Psychologist,678,10/9/2018,6/30/2019,Expired License,No
Smelko,Christa,D.,License,Psychologist,841,8/2/2023,6/30/2027,Active License,No
Smith,Christopher,,Status,Psychological Resident,,,,Expired License,No
Smith,Julien,T.,Temporary license,Psychologist,T-137,6/21/2021,3/13/2023,Expired License,No
Smith,Kurtis,M.,License,Psychologist,805,10/5/2022,6/30/2027,Active License,No
Smith,Shaina,M.,License,Psychologist,694,6/17/2019,6/30/2027,Active License,No
Smith,Victoria,M.,License,Psychologist,650,2/27/2018,6/30/2027,Active License,No
Snowden,Steven,J.,License,Psychologist,665,7/2/2018,6/30/2027,Active License,No
Soddy,Amanda,R.,License,Psychologist,485,2/3/2010,6/30/2027,Active License,No
Somova,Marla,,License,Psychologist,365,9/5/2001,9/4/2002,Expired License,No
Somova,Pavel,,License,Psychologist,366,9/5/2001,9/4/2002,Expired License,No
Song,Young,S.,License,Psychologist,537,5/18/2015,6/30/2015,Expired License,No
Sonnek,Scott,M.,License,Psychologist,355,9/16/2000,6/30/2027,Active License,No
Sorbel,Adriana,,License,Psychologist,642,12/6/2023,6/30/2026,Active License,No
Sorbel,Adriana,,License,Psychologist,642,11/7/2017,6/30/2024,Expired License,No
Sosa,Elizabeth,K.,License,Psychologist,600,5/31/2016,6/30/2027,Active License,No
Sowards,Patricia,,License,Psychologist,196,6/15/1987,6/15/2002,Expired License,No
Spain,Miranda,B.,License,Psychologist,734,11/27/2020,6/30/2027,Active License,No
Spence,Andrea,N.,License,Behavior Analyst,BA-079,7/1/2025,6/30/2026,Expired License,No
Spencer,Megan,L.,License,Psychologist,883,10/24/2025,6/30/2027,Active License,No
Spofford,Jessica,L.,License,Psychologist,614,12/6/2016,6/30/2024,Expired License,No
Spratte,Emily,V.,License,Behavior Analyst,BA-030,8/2/2023,6/30/2027,Active License,No
Sprinkle,R. Leo,,License,Psychologist,20,1/1/1966,6/30/2016,Expired License,No
Staats,Sarah,B.,License,Psychologist,653,4/2/2018,6/30/2025,Expired License,No
Stannard,Travis,A.,License,Psychologist,627,4/21/2017,6/30/2027,Active License,No
Stansel,Jennifer,L.,License,Behavior Analyst,BA-056,5/20/2024,6/30/2026,Expired License,No
Stanton,Kasey,J.,License,Psychologist,786,2/25/2022,6/30/2027,Active License,No
Stark,Jack,A.,License,Psychologist,516,4/10/2012,6/30/2022,Expired License,No
Starling Schleicher,Sabrina,,License,Psychologist,389,1/9/2003,6/30/2014,Expired License,No
Startzel,Jeffrey,,License,Psychologist,242,1/25/1993,1/25/2000,Expired License,No
Stauffacher,Richard,A.,License,Psychologist,370,11/26/2001,6/30/2017,Expired License,No
Stecker,Steffanie,A.,License,Psychologist,483,12/16/2009,12/15/2010,Expired License,No
Steffian,George,,License,Psychologist,351,6/26/2000,6/30/2023,Expired License,No
Steingraber,Karla E.A.,,License,Psychologist,441,1/30/2007,1/29/2009,Expired License,No
Stellern,John,,License,Psychologist,49,12/4/1969,6/30/2018,Expired License,No
Stephens,David,,License,Psychologist,482,12/8/2009,6/30/2019,Expired License,No
Stephens,David,,License,Psychologist,393,3/24/2003,3/26/2007,Expired License,No
Stephenson,Nathaniel,R.,License,Psychologist,821,1/27/2023,6/30/2027,Active License,No
Sternitzke,Mary Ellen,,License,Psychologist,267,8/24/1994,6/30/2027,Active License,No
Stevens,Anne,E.,License,Psychologist,807,10/19/2022,6/30/2027,Active License,No
Stevens,Danielle,N.,License,Behavior Analyst,BA-071,10/8/2024,6/30/2027,Active License,No
Stewart,Abbey,N.,License,Psychologist,T-169,9/25/2024,9/24/2025,Expired License,No
Stiles,Steven,J.,License,Psychologist,405,6/21/2004,6/30/2015,Expired License,No
Stoffelmayr,Amy,,License,Psychologist,341,12/20/1999,12/20/2001,Expired License,No
Stone,Anthony,V.,License,Psychologist,507,12/5/2011,12/4/2012,Expired License,No
Stone,Leroy,,License,Psychologist,283,6/20/1996,6/20/2000,Expired License,No
Stouder,Stephen,M.,License,Psychologist,456,2/8/2008,6/30/2027,Active License,No
Stowell,Darin,,License,Psychologist,311,6/23/1998,6/23/2001,Expired License,No
Stropko,Andrew,J.,License,Psychologist,309,3/3/1998,6/30/2022,Expired License,No
Surdam,Joyce,C.,License,Psychologist,136,5/20/1981,6/30/2025,Expired License,No
Surrett,Jessica,L.,License,Psychologist,521,8/20/2012,6/30/2013,Expired License,No
Swanson,Mahogany,L.,License,Psychologist,584,3/2/2016,6/30/2027,Active License,No
Swerdlow-Freed,Daniel,H.,Temporary License,Psychologist,T-057,6/5/2018,6/4/2019,Expired License,No
Swerdlow-Freed,Daniel,H.,Temporary License,Psychologist,T-008,12/11/2012,12/10/2013,Expired License,No
Syvertsen,Kai,,License,Psychologist,CPP06,2/3/2005,2/2/2006,Expired License,No
Syvertsen,Kai,,License,Psychologist,430,6/13/2006,6/12/2007,Expired License,No
Talbot,Anne,E.,License,Psychologist,T-080,4/6/2020,4/5/2021,Expired License,No
Talbot,Anne,E.,License,Psychologist,772,9/9/2021,6/30/2027,Active License,No
Talkoff,Neil,E.,License,Psychologist,848,10/30/2023,6/30/2026,Expired License,No
Talkoff,Neil,E.,License,Psychologist,T-158,12/14/2022,12/13/2023,Expired License,No
Tallichet,Rene,W.,License,Psychologist,615,12/7/2016,6/30/2021,Expired License,No
Tassione,Dina,D.,License,Psychologist,449,9/20/2007,6/30/2027,Active License,No
Taylor,Constance,,License,Psychologist,398,10/6/2003,10/5/2005,Expired License,No
Teisl,Michael,J.,Temporary License,Psychologist,T-133,5/25/2021,3/13/2023,Expired License,No
Terryberry-Spohr,Lori,S.,Temporary License,Psychologist,T-010,4/23/2013,4/22/2014,Expired License,No
Thomalla,Anthony,A.,License,Psychologist,T-034,8/5/2016,8/4/2017,Expired License,No
Thomalla,Anthony,A.,License,Psychologist,616,12/21/2016,6/30/2025,Expired License,No
Thompson,Jillian,E.,Licensed,Assistant Behavior Analyst,ABA-001,7/21/2023,6/30/2025,Expired License,No
Thompson,Renee,S.,Status,Psychological Resident,,,,Expired License,No
Thorn,Brian,,License,Psychologist,298,6/30/1997,6/30/1998,Expired License,No
Thorn,John,P.,License,Psychologist,125,11/25/1979,6/30/2027,Active License,Yes
Thorsheim,Thomas,E.,License,Psychologist,853,3/4/2024,6/30/2024,Expired License,No
Thwaites,Gregory,,License,Psychologist,376,3/1/2002,2/28/2003,Expired License,No
Tieszen,Ashleigh,R.,License,Behavior Analyst,BA-049,3/4/2024,6/30/2027,Active License,No
Tindall,Brenna,D.,License,Psychologist,831,3/16/2023,6/30/2027,Active License,No
Tindall,Brenna,D.,License,Psychologist,T-077,1/16/2020,3/13/2023,Expired License,No
Tindall,Robert,,License,Psychologist,53,,,Expired License,No
Tippin,Seth,M.,License,Psychologist,490,7/2/2010,6/30/2027,Active License,No
Tkachuk,Marilyn,,License,Psychologist,183,11/26/1985,11/26/2007,Expired License,No
Tollefson,Bruce,,License,Psychologist,52,11/6/1970,11/6/1994,Expired License,No
Tolman,Anton Ornette,,License,Psychologist,232,6/3/1992,6/3/2001,Expired License,No
Tom,Tanya,L.,License,Psychologist,413P,12/3/2004,12/2/2007,Expired License,No
Tom,Tanya,L.,License,Psychologist,413,12/3/2007,6/30/2027,Active License,No
Tomsovic,Milan,,License,Psychologist,4,1/1/1966,,Expired License,No
Torres,Tammy,N.,License,Psychologist,834,4/10/2023,6/30/2027,Active License,No
Towers,Victoria (Tori),M.,License,Psychologist,316P,9/8/1998,6/20/2000,Expired License,No
Towers,Victoria (Tori),M.,License,Psychologist,348,6/21/2000,6/30/2024,Expired License,No
Trachik,Benjamin,J.,License,Psychologist,667,7/2/2018,6/30/2026,Expired License,No
Trahan,Elizabeth,M.,License,Psychologist,594,4/28/2016,6/30/2023,Expired License,No
Trammel,Samantha,I.,License,Behavior Analyst,BA-021,4/17/2023,6/30/2024,Expired License,No
Trammell,Andra,E.,License,Behavioral Analyst,BA-082,8/11/2025,6/30/2027,Active License,No
Tran,Khanh,Q.,Certified,Psychological Practitioner,CPP-09,7/21/2008,6/30/2027,Active License,No
Tran,Vivianne,L.,License,Psychologist,475,6/4/2009,6/30/2027,Active License,No
Trenerry,Max,,License,Psychologist,191,2/3/1987,2/3/1993,Expired License,No
Triplett,Janice,R.,License,Psychologist,336,9/21/1999,9/21/2011,Expired License,No
Tross,Susan,E.,Temporary License,Psychologist,T-147,10/4/2021,3/13/2023,Expired License,No
Trujillo,Natasha,P.,License,Psychologist,725,6/4/2020,6/30/2023,Expired License,No
Trzupek,Stephen,D.,License,Psychologist,761,7/1/2021,6/30/2027,Active License,No
Tucker,Molly,S.,Temporary License,Psychologist,T-100,9/10/2020,3/13/2023,Expired License,No
Tucker,Wendy,M.,License,Behavior Analyst,BA-002,3/6/2023,6/30/2026,Expired License,No
Turner,Andrew,,License,Psychologist,157,6/28/1983,6/28/2005,Expired License,No
Turner,Karen,,License,Psychologist,264,4/28/1994,4/28/2000,Expired License,No
Tyler,Kristina,L.,License,Psycholgist,875,5/1/2025,6/30/2026,Expired License,No
Tyser,Jason,S.,License,Psychologist,635,8/1/2017,6/30/2027,Active License,No
Umana,Walter,J.,License,Behavior Analyst,BA-019,4/14/2023,6/30/2025,Expired License,No
Underwood,Rocky,,License,Psychologist,401,3/19/2004,3/18/2008,Expired License,No
Vaden,Marika,L.,Certified,Specialist in School Psychology,CSSP-14,7/1/2016,6/30/2027,Active License,No
Van Oosbree,Brooke,C.,License,Psychologist,876,5/30/2025,6/30/2027,Active License,No
Van Vranken,Ruth Ann,,License,Psychologist,212,5/15/1990,6/30/2026,Expired License,No
VanderVeen,John,D.,License,Psychologist,712,1/30/2020,6/30/2020,Expired License,No
Vansickle,Douglas,,License,Psychologist,103,,,Expired License,No
Vasa,Stanley,,License,Psychologist,57,,,Expired License,No
Vasilj,Igor,,License,Psychologist,692,5/20/2019,6/30/2027,Active License,No
Vaysman,Zhannah,,License,Psychologist,701,8/5/2019,6/30/2020,Expired License,No
Vazquez,Damaris,,Certified,Specialist in School Psychology,CSSP-17,11/21/2022,6/30/2023,Expired License,No
Ventura,Barbara,,Certified,Behavior Analyst,BA-048,2/21/2024,6/30/2025,Expired License,No
Veraldi,Donna,M.,Temporary License,Psychologist,T-040,12/27/2016,12/26/2017,Expired License,No
Viniarski,Christina,A.,License,Psychologist,634,7/17/2017,6/30/2021,Expired License,No
Vlosky,Mark,,License,Psychologist,129,5/22/1980,5/22/1984,Expired License,No
Vonroemer,Derek,,License,Psychologist,132,,,Expired License,No
Vroonland,Joy,,License,Psychologist,265,6/7/1994,6/7/1997,Expired License,No
Wachtel,Maximillian,A.,License,Psychologist,T-064,1/15/2019,1/14/2020,Expired License,No
Wachtel,Maximillian,A.,License,Psychologist,T-052,1/16/2018,1/15/2019,Expired License,No
Wachtel,Maximillian,A.,License,Psychologist,T-020,1/27/2015,1/26/2016,Expired License,No
Wachtel,Maximillian,A.,License,Psychologist,T-041,1/17/2017,1/16/2018,Expired License,No
Wachtel,Maximillian,A.,License,Psychologist,T-075,1/15/2020,1/14/2021,Expired License,No
Wachtel,Maximillian,A.,License,Psychologist,T-138,6/22/2021,6/21/2022,Expired License,No
Wachtel,Maximillian,A.,License,Psychologist,T-029,1/26/2016,1/25/2017,Expired License,No
Wachtel,Maximillian,A.,License,Psychologist,766,7/19/2021,6/30/2027,Active License,No
Wagner,Amy,,License,Psychologist,300,8/22/1997,8/22/2000,Expired License,No
Wagoner,Omer,,License,Psychologist,126,,,Expired License,No
Wahl,Todd,M.,License,Psychologist,444,4/9/2007,6/30/2027,Active License,No
Waite,Chelsea,M.,License,Behavior Analyst,BA-065,8/26/2024,6/30/2025,Expired License,No
Waites,Juanita,M.,Status,Psychological Resident,,,,Expired License,No
Walker,Carol,P.,Temporary License,Psychologist,T-046,4/26/2017,4/25/2018,Expired License,No
Wallace-Cruz,Veronica,A.,License,Behavior Analyst,BA-105,4/8/2026,6/30/2027,Active License,No
Wall-Hoeben,Colleen,,License,Psychologist,338,11/26/1999,11/26/2003,Expired License,No
Walsh,Abigail,S.,License,Behavior Analyst,BA-061,8/16/2024,6/30/2026,Expired License,No
Waltz,Hayley M.A.,,License,Behavior Analyst,BA-093,12/2/2025,6/30/2027,Active License,No
Warkentin,Jennifer,B.,Temporary license,Psychologist,T-132,5/20/2021,3/13/2023,Expired License,No
Warner,Deborah,J.,Temporary License,Psychologist,T-032,5/10/2016,5/9/2017,Expired License,No
Warner,Deborah,J.,Temporary License,Psychologist,T-014,2/20/2014,2/19/2015,Expired License,No
Warner,Deborah,J.,Temporary License,Psychologist,T-126,4/8/2021,3/13/2023,Expired License,No
Warner,Deborah,J.,Temporary License,Psychologist,T-021,3/6/2015,3/5/2016,Expired License,No
Wasserman,Yocheved,,License,Behavior Analyst,BA-067,9/30/2024,6/30/2027,Active License,No
Waterhouse,Gloria,,License,Psychologist,239,10/9/1992,10/9/2002,Expired License,No
Waters,James,H.,Temporary License,Psychologist,T-004,9/20/2011,9/19/2012,Expired License,No
Watt,Mark,J.,License,Psychologist,199,5/20/1988,6/30/2027,Active License,No
Watties,Brandon,NW,License,Psychologist,597,5/6/2016,6/30/2027,Active License,No
Wear,Douglas,M.,License,Psychologist,185,11/26/1985,6/30/2025,Expired License,No
Weber,Kyle,A.,Temporary Licensure,Psychologist,T-157,11/22/2022,11/21/2023,Expired License,No
Webster,David,C.,License,Psychologist,205,11/28/1988,6/30/2018,Expired License,No
Weigel,Virginia,,License,Psychologist,222,5/9/1991,5/9/2002,Expired License,No
Weis,Jessica,A.,License,Psychologist,662,7/2/2018,6/30/2027,Active License,No
Weisz,Robert,,License,Psychologist,70,11/1/1972,11/1/1992,Expired License,No
Wells,Jane,M.,Temporary License,Psychologist,T-054,4/30/2018,4/29/2019,Expired License,No
Wenzel,Kevin,R.,Temporary license,Psychologist,T-115,1/26/2021,3/13/2023,Expired License,No
Wertz,Sara,R.,License,Behavior Analyst,BA-028,7/7/2023,6/30/2027,Active License,No
West,Dennis,K.,License,Psychologist,257,12/14/1993,6/30/2020,Expired License,No
Wheat,Emily,J.,Temporary License,Psychologist,T-079,3/27/2020,3/13/2023,Expired License,No
White,Arden,,License,Psychologist,23,,1/26/1989,Expired License,No
White,Stephen,G.,Temporary License,Psychologist,T-007,4/20/2012,4/19/2013,Expired License,No
Wicklow,James H.R.,,License,Psychologist,868,2/18/2025,6/30/2027,Active License,No
Wihera,Richard,C.,License,Psychologist,228,3/15/1992,6/30/2023,Expired License,No
Wilburn,Margaret,,License,Psychologist,77,4/21/1975,4/21/1994,Expired License,No
Wilkinson,Rebecca,L.,License,Psychologist,513,3/8/2012,6/30/2026,Expired License,Yes
Wilkinson,Renee,M.,License,Psychologist,753,5/24/2021,6/30/2027,Active License,No
Wilkinson,Thomas,A.,License,Psychologist,574,10/12/2015,6/30/2020,Expired License,No
William,Dinan,,License,Psychologist,153,1/31/1983,1/31/1990,Expired License,No
Williams,Bryanna,M.,License,Behavior Analyst,BA-054,4/30/2024,6/30/2027,Active License,No
Williams,Cathryn Cady,,License,Psychologist,767,7/19/2021,6/30/2027,Active License,No
Williams,Jacqueline,,License,Psychologist,340,12/13/1999,12/13/2002,Expired License,No
Williams,Martin,H.,Temporary License,Psychologist,T-003,5/9/2011,5/8/2012,Expired License,No
Willis,Max,,License,Psychologist,137,,,Expired License,No
Willoughby,Crystal,M.,License,Psychologist,611,9/16/2016,6/30/2020,Expired License,No
Wilson,Jamie A.B.,,License,Psychologist,T-043,1/23/2017,1/22/2018,Expired License,No
Wilson,Jamie A.B.,,License,Psychologist,827,3/13/2023,6/30/2024,Expired License,No
Wilson,Jamie A.B.,,License,Psychologist,T-016,4/8/2014,4/7/2015,Expired License,No
Wilson,Joshua,D.,License,Psychologist,556,12/15/2014,6/30/2023,Expired License,No
Wilson,Robert,,License,Psychologist,104,,,Expired License,No
Winebarger,Allen,,License,Psychologist,295,5/15/1997,5/15/2000,Expired License,No
Winter,Christine,J.,License,Psychologist,225,12/21/1991,6/30/2027,Active License,No
Wirta-Leiker,Chaitra,E.,License,Psychologist,515,3/27/2012,6/30/2014,Expired License,No
Wise,Cheryl,A.,License,Psychologist,551,10/9/2014,6/30/2027,Active License,No
Wolper,Christopher,C.,License,Psychologist,740,2/8/2021,6/30/2027,Active License,No
Wong,Stephanie,J.,License,Psychologist,520,5/22/2012,6/30/2015,Expired License,No
Wood,Katie,E.,License,Behavior Analyst,BA-107,5/26/2026,6/30/2027,Active License,No
Woodrow,Lawrence,K.,License,Psychologist,601,5/31/2016,6/30/2027,Active License,No
Woods,Colm,,License,Psychologist,170,6/1/1984,6/1/2001,Expired License,Yes
Woods,Mary Jane,,License,Psychologist,280,7/10/1996,6/30/2027,Active License,No
Woods,Medea,L.,License,Psychologist,446,7/11/2007,7/10/2013,Expired License,No
Woodward,Tenille,M.,License,Psychologist,820,1/26/2023,6/30/2026,Expired License,No
Woolston,Dixie,J.,License,Psychologist,542,5/7/2014,6/30/2023,Expired License,No
Woolston,William,D.,Temporary License,Psychologist,T-069,6/24/2019,3/13/2023,Expired License,No
Woolston,William,D.,Temporary License,Psychologist,T-037,11/7/2016,11/6/2017,Expired License,No
Woolston,William,D.,Temporary License,Psychologist,T-059,6/15/2018,6/14/2019,Expired License,No
Workman,Arthur,,License,Psychologist,106,,,Expired License,No
Wright,M. E.,,License,Psychologist,277,3/4/1996,3/4/2000,Expired License,No
"Wykes, Jr.",Thomas,L.,License,Psychologist,643,11/21/2017,6/30/2027,Active License,No
Wylie,Scott,D.,License,Psychologist,478,7/29/2009,6/30/2025,Active License,Yes
Wyssmann,James,W.,License,Psychologist,403P,3/30/2004,3/3/2006,Expired License,No
Wyssmann,James,W.,License,Psychologist,403,3/3/2006,6/30/2027,Active License,No
Yates,Margaret,,License,Psychologist,91,10/22/1976,10/22/1998,Expired License,No
Yee,Marilyn,K.,License,Psychologist,374,1/4/2002,1/3/2011,Expired License,No
Young,Alicia,R.,License,Psychologist,816,11/22/2022,6/30/2023,Expired License,No
Young,Alicia,R.,License,Psychologist,T-099,8/27/2020,8/26/2021,Expired License,No
Young,Amy,L.,License,Psychologist,850,12/8/2023,6/30/2027,Active License,No
Young,Bradley,V.,License,Behavior Analyst,BA-022,4/24/2023,6/30/2027,Active License,No
Young,Taylor,E.,License,Behavior Analyst,BA-096,2/6/2026,6/30/2027,Active License,No
Yufik,Alex,Y.,License,Psychologist,602,5/31/2016,6/30/2027,Active License,No
Yurish-Crittenden,Lauren,C.,License,Psychologist,738,1/11/2021,6/30/2026,Expired License,No
Zander,Mary,E.,License,Psychologist,613,10/21/2016,6/30/2027,Active License,No
Zapp,Rosanne,,License,Psychologist,696,7/1/2019,6/30/2027,Active License,No
Zaugg,Monica,L.,License,Behavior Analyst,BA-087,10/6/2025,6/30/2027,Active License,No
Zelig,Mark,,License,Psychologist,517,5/2/2012,6/30/2026,Expired License,No
Ziegler,Barbara,L.,License,Psychologist,166,12/9/1983,6/30/2026,Expired License,No
Zimbelman,Kirk,,License,Psychologist,213,5/15/1990,5/15/1994,Expired License,No
Zimmermann,Anthony,M.,License,Psychologist,604,6/10/2016,6/30/2025,Expired License,No
Zohner,Alan,,License,Psychologist,163,1/29/1983,1/29/2002,Expired License,No